int
0
0
0
0
0
1031
1032
1605
1542
1075
0
0
0
1024
1071
1601
1538
1063
1615
1611
1040
1583
1797
1579
1574
1551
1547
1036
1067
1793
1059
1055
1570
1051
3095
0
0
0
1075
1796
0
1609
1582
1071
1792
1047
1607
1603
1549
1024
1578
1575
1571
1543
1032
1545
1539
1614
1067
1028
1063
1059
1055
1051
1043
3087
0
1547
1607
1603
1580
1793
1578
1575
1571
1024
1613
1551
1543
1072
1610
1033
1539
1068
1067
1044
1029
1798
1063
1059
1055
1051
1043
3087
0
1047
1607
1603
1576
1793
1614
1575
1571
1024
1609
1547
1543
1072
1582
1033
1539
1068
1067
1548
1029
1798
1063
1059
1055
1051
1043
3087
0
1579
1607
1603
1028
1793
1546
1583
1068
1575
1613
1571
1024
1610
1543
1549
1072
1539
1044
1798
1033
1067
1063
1059
1055
1051
1043
3087
0
0
0
1071
0
1028
1613
1610
1579
0
1547
1572
1037
1798
1047
1607
1603
1024
1033
1794
1583
1072
1571
1551
1541
1539
1067
1063
1059
1055
1051
3091
0
0
0
0
0
0
0
1572
1537
1798
1039
0
0
0
1075
1044
1033
1794
1071
1607
1603
1583
1571
1548
1029
1614
1547
1543
1067
1063
1059
1024
1577
1610
1055
1051
3091
0
1047
1607
1603
1028
1793
1614
1579
1068
1575
1609
1571
1024
1550
1543
1545
1072
1539
1580
1798
1033
1067
1063
1059
1055
1051
1043
3087
0
0
0
0
0
0
0
1044
1037
1798
1543
0
0
0
1075
1568
1033
1794
1071
1607
1603
1579
1575
1024
1581
1614
1551
1539
1067
1063
1059
1544
1029
1610
1055
1051
3091
0
0
0
1071
0
1536
1609
1614
1551
0
1047
1024
1037
1798
1583
1607
1603
1568
1033
1794
1579
1072
1575
1547
1029
1543
1067
1063
1059
1055
1051
3091
0
1611
1615
1607
1548
1793
1546
1603
1068
1575
1581
1571
1024
1578
1543
1033
1072
1539
1044
1798
1029
1067
1063
1059
1055
1051
1043
3087
0
0
0
1071
0
1032
1541
1578
1047
0
1028
1611
1041
1798
1547
1580
1615
1603
1605
1072
1794
1575
1571
1551
1025
1539
1067
1063
1059
1055
1051
3087
0
0
0
0
0
0
1795
1028
1605
1798
1075
0
0
0
1071
1044
1033
1026
1615
1603
1575
1571
1547
1548
1581
1538
1543
1067
1063
1059
1055
1040
1577
1610
1051
3087
0
1047
0
1611
0
1032
1025
1546
1579
1615
1796
1603
1605
1574
1583
1548
1571
1543
1041
1072
1794
1539
1067
1068
1037
1063
1030
1059
1055
3099
0
1547
0
1579
1615
1603
1572
1605
1798
1583
1571
1551
1028
1539
1033
1794
1068
1067
1059
1055
1072
1541
1060
1042
1608
1051
1044
0
1025
0
3086
0
0
0
0
0
0
0
0
1572
1605
1030
1799
0
0
0
0
0
1036
1045
1538
1795
0
0
1074
0
0
1548
1041
1070
1027
1062
1614
1602
1582
1570
1032
1577
1546
1542
1066
1058
1054
1050
3659
0
0
0
0
0
0
0
1036
1605
1798
1035
0
0
0
0
1568
1045
1794
1031
0
0
0
1075
1548
1581
1026
1071
1615
1603
1579
1575
1544
1041
1610
1543
1539
1067
1063
1059
1055
3099
0
0
0
0
0
0
0
1792
1605
1582
1799
0
0
0
0
1044
0
1033
1546
1043
0
0
1074
1608
0
0
1541
1070
1571
1062
1614
1028
1602
1578
1574
1025
1550
1538
1066
1058
1054
1050
3087
0
0
0
0
0
0
0
1047
1028
1605
1798
0
0
0
0
1583
0
1568
1037
1794
1075
0
0
0
1071
1548
1063
1537
1026
1615
1603
1579
1575
1608
1547
1543
1033
1042
1067
1059
1055
3099
0
1047
1611
1607
1544
1793
1582
1603
1068
1575
1577
1571
1024
1550
1543
1033
1072
1539
1612
1798
1029
1067
1063
1059
1055
1051
1043
3087
0
0
0
0
0
0
1795
1028
1033
1798
1075
0
0
0
1071
1044
1601
1542
1611
1607
1575
1571
1551
1040
1581
1614
1539
1067
1063
1059
1055
1544
1577
1026
1051
3087
0
0
0
1071
0
1032
1041
1582
1615
0
1028
1551
1537
1798
1047
1576
1611
1607
1025
1072
1794
1575
1571
1547
1601
1543
1067
1063
1059
1055
1051
3087
0
0
0
0
0
0
0
1572
1045
1798
1035
0
0
0
0
1036
1601
1794
1031
0
0
0
1075
1548
1041
1614
1071
1611
1607
1583
1571
1544
1577
1026
1543
1539
1067
1063
1059
1055
3099
0
0
0
0
0
0
0
1547
1572
1541
1798
0
0
0
0
1047
0
1028
1601
1794
1075
0
0
0
1071
1612
1063
1037
1026
1611
1607
1583
1571
1576
1551
1539
1033
1042
1067
1059
1055
3099
0
0
0
0
0
0
0
1792
1033
1030
1799
0
0
0
0
1612
0
1601
1578
1575
0
0
1074
1044
0
0
1025
1070
1043
1062
1610
1548
1606
1582
1570
1537
1546
1542
1066
1058
1054
1050
3087
0
1615
0
1583
0
1032
1025
1550
1047
1611
1796
1607
1041
1030
1579
1544
1575
1543
1601
1072
1794
1539
1067
1068
1037
1063
1570
1059
1055
3099
0
0
0
0
0
0
0
0
1036
1045
1542
1799
0
0
0
0
0
1568
1601
1030
1795
0
0
1074
0
0
1032
1581
1070
1615
1062
1610
1606
1578
1574
1544
1041
1550
1538
1066
1058
1054
1050
3075
0
1583
0
1047
1611
1607
1040
1033
1798
1579
1575
1547
1028
1543
1601
1794
1068
1067
1059
1055
1072
1025
1612
1570
1060
1051
1548
0
1537
0
3086
0
0
0
0
0
0
0
0
0
0
0
0
0
0
0
0
0
0
0
0
0
0
0
0
0
0
0
0
0
0
0
0
0
0
0
0
0
0
0
0
0
0
0
0
0
0
0
0
0
0
0
0
0
0
0
0
0
0
0
0
0
0
0
0
0
0
0
0
0
0
0
0
0
0
0
0
0
0
0
0
0
0
0
0
0
0
0
0
0
0
0
0
0
0
0
0
0
0
0
0
0
0
0
0
0
0
0
0
0
0
0
0
0
0
0
0
0
0
0
0
0
0
0
0
0
0
0
0
0
0
0
0
0
0
0
0
0
0
0
0
0
0
0
0
0
0
0
0
0
0
0
0
0
0
0
0
0
0
0
0
0
0
0
0
0
0
0
0
0
0
0
0
0
0
0
0
0
0
0
0
0
0
0
0
0
0
0
0
0
0
0
0
0
0
0
0
0
0
0
0
0
0
0
0
0
0
0
0
0
0
0
0
0
0
0
0
0
0
0
0
0
0
0
0
0
0
0
0
0
0
0
0
0
0
0
0
0
0
0
0
0
0
0
0
0
0
0
0
0
0
0
0
0
0
0
0
0
0
0
0
0
0
0
0
0
0
0
0
0
0
0
0
0
0
0
0
0
0
0
0
0
0
0
0
0
0
0
0
0
0
0
0
0
0
0
0
0
0
0
0
0
0
0
0
0
0
0
0
0
0
0
0
0
0
0
0
0
0
0
0
0
0
0
0
0
0
0
0
0
0
0
0
0
0
0
0
0
0
0
0
0
0
0
0
0
0
0
0
0
0
0
0
0
0
0
0
0
0
0
0
0
0
0
0
0
0
0
0
0
0
0
0
0
0
0
0
0
0
0
0
0
0
0
0
0
0
0
0
0
0
0
0
0
0
0
0
0
0
0
0
0
0
0
0
0
0
0
0
0
0
0
0
0
0
0
0
0
0
0
0
0
0
0
0
0
0
0
0
0
0
0
0
0
0
0
0
0
0
0
0
0
0
0
0
0
0
0
0
0
0
0
0
0
0
0
0
0
0
0
0
0
0
0
0
0
0
0
0
0
0
0
0
0
0
0
0
0
0
0
0
0
0
0
0
0
0
0
0
0
0
0
0
0
0
0
0
0
0
0
0
0
0
0
0
0
0
0
0
0
0
0
0
0
0
0
0
0
0
0
0
0
0
0
0
0
0
0
0
0
0
0
0
0
0
0
0
0
0
0
0
0
0
0
0
0
0
0
0
0
0
0
0
0
0
0
0
0
0
0
0
0
0
0
0
0
0
0
0
0
0
0
0
0
0
0
0
0
0
0
0
0
0
0
0
0
0
0
0
0
0
0
0
0
0
0
0
0
0
0
0
0
0
0
0
0
0
0
0
0
0
0
0
0
0
0
0
0
0
0
0
0
0
0
0
0
0
0
0
0
0
0
0
0
0
0
0
0
0
0
0
0
0
0
0
0
0
0
0
0
0
0
0
0
0
0
0
0
0
0
0
0
0
0
0
0
0
0
0
0
0
0
0
0
0
0
0
0
0
0
0
0
0
0
0
0
0
0
0
0
0
0
0
0
0
0
0
0
0
0
0
0
0
0
0
0
0
0
0
0
0
0
0
0
0
0
0
0
0
0
0
0
0
0
0
0
0
0
0
0
0
0
0
0
0
0
0
0
0
0
0
0
0
0
0
0
0
0
0
0
0
0
0
0
0
0
0
0
0
0
0
0
0
0
0
0
0
0
0
0
0
0
0
0
0
0
0
0
0
0
0
0
0
0
0
0
0
0
0
0
0
0
0
0
0
0
0
0
0
0
0
0
0
0
0
0
0
0
0
0
0
0
0
0
0
0
0
0
0
0
0
0
0
0
0
0
0
0
0
0
0
0
0
0
0
0
0
0
0
0
0
0
0
0
0
0
0
0
0
0
0
0
0
0
0
0
0
0
0
0
0
0
0
0
0
0
0
0
0
0
0
0
0
0
0
0
0
0
0
0
0
0
0
0
0
0
0
0
0
0
0
0
0
0
0
0
0
0
0
0
0
0
0
0
0
0
0
0
0
0
0
0
0
0
0
0
0
0
0
0
0
0
0
0
0
0
0
0
0
0
0
0
0
0
0
0
0
0
0
0
0
0
0
0
0
0
0
0
0
0
0
0
0
0
0
0
0
0
0
0
0
0
0
0
0
0
0
0
0
0
0
0
0
0
0
0
0
0
0
0
0
0
0
0
0
0
0
0
0
0
0
0
0
0
0
0
0
0
0
0
0
0
0
0
0
0
0
0
0
0
0
0
0
0
0
0
0
0
0
0
0
0
0
0
0
0
0
0
0
0
0
0
0
0
0
0
0
0
0
0
0
0
0
0
0
0
0
0
0
0
0
0
0
0
0
0
0
0
0
0
0
0
0
0
0
0
0
0
0
0
0
0
0
0
0
0
0
0
0
0
0
0
0
0
0
0
0
0
0
0
0
0
0
0
0
0
0
0
0
0
0
0
0
0
0
0
0
0
0
0
0
0
0
0
0
0
0
0
0
0
0
0
0
0
0
0
0
0
0
0
0
0
0
0
0
0
0
0
0
0
0
0
0
0
0
0
0
0
0
0
0
0
0
0
0
0
0
0
0
0
0
0
0
0
0
0
0
0
0
0
0
0
0
0
0
0
0
0
0
0
0
0
0
0
0
0
0
0
0
0
0
0
0
0
0
0
0
0
0
0
0
0
0
0
0
0
0
0
0
0
0
0
0
0
0
0
0
0
0
0
0
0
0
0
0
0
0
0
0
0
0
0
0
0
0
0
0
0
0
0
0
0
0
0
0
0
0
0
0
0
0
0
0
0
0
0
0
0
0
0
0
0
0
0
0
0
0
0
0
0
0
0
0
0
0
0
0
0
0
0
0
0
0
0
0
0
0
0
0
0
0
0
0
0
0
0
0
0
0
0
0
0
0
0
0
0
0
0
0
0
0
0
0
0
0
0
0
0
0
0
0
0
0
0
0
0
0
0
0
0
0
0
0
0
0
0
0
0
0
0
0
0
0
0
0
0
0
0
0
0
0
0
0
0
0
0
0
0
0
0
0
0
0
0
0
0
0
0
0
0
0
0
0
0
0
0
0
0
0
0
0
0
0
0
0
0
0
0
0
0
0
0
0
0
0
0
0
0
0
0
0
0
0
0
0
0
0
0
0
0
0
0
0
0
0
0
0
0
0
0
0
0
0
0
0
0
0
0
0
0
0
0
0
0
0
0
0
0
0
0
0
0
0
0
0
0
0
0
0
0
0
0
0
0
0
0
0
0
0
0
0
0
0
0
0
0
0
0
0
0
0
0
0
0
0
0
0
0
0
0
0
0
0
0
0
0
0
0
0
0
0
0
0
0
0
0
0
0
0
0
0
0
0
0
0
0
0
0
0
0
0
0
0
0
0
0
0
0
0
0
0
0
0
0
0
0
0
0
0
0
0
0
0
0
0
0
0
0
0
0
0
0
0
0
0
0
0
0
0
0
0
0
0
0
0
0
0
0
0
0
0
0
0
0
0
0
0
0
0
0
0
0
0
0
0
0
0
0
0
0
0
0
0
0
0
0
0
0
0
0
0
0
0
0
0
0
0
0
0
0
0
0
0
0
0
0
0
0
0
0
0
0
0
0
0
0
0
0
0
0
0
0
0
0
0
0
0
0
0
0
0
0
0
0
0
0
0
0
0
0
0
0
0
0
0
0
0
0
0
0
0
0
0
0
0
0
0
0
0
0
0
0
0
0
0
0
0
0
0
0
0
0
0
0
0
0
0
0
0
0
0
0
0
0
0
0
0
0
0
0
0
0
0
0
0
0
0
0
0
0
0
0
0
0
0
0
0
0
0
0
0
0
0
0
0
0
0
0
0
0
0
0
0
0
0
0
0
0
0
0
0
0
0
0
0
0
0
0
0
0
0
0
0
0
0
0
0
0
0
0
0
0
0
0
0
0
0
0
0
0
0
0
0
0
0
0
0
0
0
0
0
0
0
0
0
0
0
0
0
0
0
0
0
0
0
0
0
0
0
0
0
0
0
0
0
0
0
0
0
0
0
0
0
0
0
0
0
0
0
0
0
0
0
0
0
0
0
0
0
0
0
0
0
0
0
0
0
0
0
0
0
0
0
0
0
0
0
0
0
0
0
0
0
0
0
0
0
0
0
0
0
0
0
0
0
0
0
0
0
0
0
0
0
0
0
0
0
0
0
0
0
0
0
0
0
0
0
0
0
0
0
0
0
0
0
0
0
0
0
0
0
0
0
0
0
0
0
0
0
0
0
0
0
0
0
0
0
0
0
0
0
0
0
0
0
0
0
0
0
0
0
0
0
0
0
0
0
0
0
0
0
0
0
0
0
0
0
0
0
0
0
0
0
0
0
0
0
0
0
0
0
0
0
0
0
0
0
0
0
0
0
0
0
0
0
0
0
0
0
0
0
0
0
0
0
0
0
0
0
0
0
0
0
0
0
0
0
0
0
0
0
0
0
0
0
0
0
0
0
0
0
0
0
0
0
0
0
0
0
0
0
0
0
0
0
0
0
0
0
0
0
0
0
0
0
0
0
0
0
0
0
0
0
0
0
0
0
0
0
0
0
0
0
0
0
0
0
0
0
0
0
0
0
0
0
0
0
0
0
0
0
0
0
0
0
0
0
0
0
0
0
0
0
0
0
0
0
0
0
0
0
0
0
0
0
0
0
0
0
0
0
0
0
0
0
0
0
0
0
0
0
0
0
0
0
0
0
0
0
0
0
0
0
0
0
0
0
0
0
0
0
0
0
0
0
0
0
0
0
0
0
0
0
0
0
0
0
0
0
0
0
0
0
0
0
0
0
0
0
0
0
0
0
0
0
0
0
0
0
0
0
0
0
0
0
0
0
0
0
0
0
0
0
0
0
0
0
0
0
0
0
0
0
0
0
0
0
0
0
0
0
0
0
0
0
0
0
0
0
0
0
0
0
0
0
0
0
0
0
0
0
0
0
0
0
0
0
0
0
0
0
0
0
0
0
0
0
0
0
0
0
0
0
0
0
0
0
0
0
0
0
0
0
0
0
0
0
0
0
0
0
0
0
0
0
0
0
0
0
0
0
0
0
0
0
0
0
0
0
0
0
0
0
0
0
0
0
0
0
0
0
0
0
0
0
0
0
0
0
0
0
0
0
0
0
0
0
0
0
0
0
0
0
0
0
0
0
0
0
0
0
0
0
0
0
0
0
0
0
0
0
0
0
0
0
0
0
0
0
0
0
0
0
0
0
0
0
0
0
0
0
0
0
0
0
0
0
0
0
0
0
0
0
0
0
0
0
0
0
0
0
0
0
0
0
0
0
0
0
0
0
0
0
0
0
0
0
0
0
0
0
0
0
0
0
0
0
0
0
0
0
0
0
0
0
0
0
0
0
0
0
0
0
0
0
0
0
0
0
0
0
0
0
0
0
0
0
0
0
0
0
0
0
0
0
0
0
0
0
0
0
0
0
0
0
0
0
0
0
0
0
0
0
0
0
0
0
0
0
0
0
0
0
0
0
0
0
0
0
0
0
0
0
0
0
0
0
0
0
0
0
0
0
0
0
0
0
0
0
0
0
0
0
0
0
0
0
0
0
0
0
0
0
0
0
0
0
0
0
0
0
0
0
0
0
0
0
0
0
0
0
0
0
0
0
0
0
0
0
0
0
0
0
0
0
0
0
0
0
0
0
0
0
0
0
0
0
0
0
0
0
0
0
0
0
0
0
0
0
0
0
0
0
0
0
0
0
0
0
0
0
0
0
0
0
0
0
0
0
0
0
0
0
0
0
0
0
0
0
0
0
0
0
0
0
0
0
0
0
0
0
0
0
0
0
0
0
0
0
0
0
0
0
0
0
0
0
0
0
0
0
0
0
0
0
0
0
0
0
0
0
0
0
0
0
0
0
0
0
0
0
0
0
0
0
0
0
0
0
0
0
0
0
0
0
0
0
0
0
0
0
0
0
0
0
0
0
0
0
0
0
0
0
0
0
0
0
0
0
0
0
0
0
0
0
0
0
0
0
0
0
0
0
0
0
0
0
0
0
0
0
0
0
0
0
0
0
0
0
0
0
0
0
0
0
0
0
0
0
0
0
0
0
0
0
0
0
0
0
0
0
0
0
0
0
0
0
0
0
0
0
0
0
0
0
0
0
0
0
0
0
0
0
0
0
0
0
0
0
0
0
0
0
0
0
0
0
0
0
0
0
0
0
0
0
0
0
0
0
0
0
0
0
0
0
0
0
0
0
0
0
0
0
0
0
0
0
0
0
0
0
0
0
0
0
0
0
0
0
0
0
0
0
0
0
0
0
0
0
0
0
0
0
0
0
0
0
0
0
0
0
0
0
0
0
0
0
0
0
0
0
0
0
0
0
0
0
0
0
0
0
0
0
0
0
0
0
0
0
0
0
0
0
0
0
0
0
0
0
0
0
0
0
0
0
0
0
0
0
0
0
0
0
0
0
0
0
0
0
0
0
0
0
0
0
0
0
0
0
0
0
0
0
0
0
0
0
0
0
0
0
0
0
0
0
0
0
0
0
0
0
0
0
0
0
0
0
0
0
0
0
0
0
0
0
0
0
0
0
0
0
0
0
0
0
0
0
0
0
0
0
0
0
0
0
0
0
0
0
0
0
0
0
0
0
0
0
0
0
0
0
0
0
0
0
0
0
0
0
0
0
0
0
0
0
0
0
0
0
0
0
0
0
0
0
0
0
0
0
0
0
0
0
0
0
0
0
0
0
0
0
0
0
0
0
0
0
0
0
0
0
0
0
0
0
0
0
0
0
0
0
0
0
0
0
0
0
0
0
0
0
0
0
0
0
0
0
0
0
0
0
0
0
0
0
0
0
0
0
0
0
0
0
0
0
0
0
0
0
0
0
0
0
0
0
0
0
0
0
0
0
0
0
0
0
0
0
0
0
0
0
0
0
0
0
0
0
0
0
0
0
0
0
0
0
0
0
0
0
0
0
0
0
0
0
0
0
0
0
0
0
0
0
0
0
0
0
0
0
0
0
0
0
0
0
0
0
