int
1
452
453
0
1
2
3
4
0
1
0
1
2
3
0
1
2
0
1
0
0
0
0
2
0
0
1
2
3
4
5
6
356
0
0
1
2
0
0
1
2
0
0
0
0
0
0
0
1
2
3
4
5
6
7
8
9
10
11
12
0
1
0
0
0
0
0
2
0
0
1
2
3
4
5
6
7
8
9
10
11
12
0
1
0
0
0
0
0
2
0
0
1
2
3
4
5
6
7
8
9
10
11
12
0
1
0
0
0
0
0
2
0
0
1
2
3
4
5
6
7
8
452
453
3
356
0
3
356
0
3
356
0
0
0
0
0
0
0
0
1
2
3
0
0
1
2
3
0
0
1
2
3
0
0
1
2
0
1
2
3
4
5
6
7
8
9
10
11
12
0
1
0
0
0
0
0
2
0
0
0
0
0
0
1
2
3
0
0
1
2
3
0
0
1
2
3
0
0
1
2
0
1
2
3
4
5
6
7
8
452
453
3
356
0
3
356
0
3
356
0
0
0
0
1
2
3
4
5
6
7
8
9
10
11
12
356
0
0
1
0
1
0
0
453
0
1
2
3
4
5
6
7
8
452
453
0
1
2
3
4
452
0
0
0
0
0
0
0
0
0
1
2
3
0
1
2
0
1
2
3
4
5
6
7
2
0
1
0
0
1
2
3
4
5
6
7
8
9
10
11
356
452
453
1
453
1
453
452
453
0
0
1
2
3
4
5
6
7
8
9
10
11
452
453
0
1
452
453
0
1
452
453
0
0
1
2
3
4
5
356
452
453
0
1
0
1
2
3
0
0
0
1
2
3
0
0
0
1
2
0
2
0
0
0
0
1
2
3
0
1
2
0
1
2
3
4
5
6
0
0
2
0
2
0
1
2
3
4
356
452
453
0
1
2
0
1
2
0
1
0
1
0
1
2
0
1
0
0
0
2
0
1
2
3
4
356
452
453
0
1
3
356
452
453
0
1
2
3
4
5
6
7
8
9
10
11
356
452
453
0
1
2
3
4
5
6
7
8
9
10
11
12
356
0
0
1
0
1
0
0
453
0
0
0
0
1
2
3
0
1
2
0
1
2
3
4
5
6
7
2
0
1
0
0
1
2
3
4
5
6
7
8
452
453
0
1
2
3
4
452
0
0
0
0
0
0
0
0
0
1
2
3
0
1
2
0
1
2
3
4
5
6
0
0
2
0
2
0
1
2
3
4
356
452
453
0
1
3
356
452
453
0
1
2
3
4
5
6
7
8
9
10
11
356
452
453
0
1
2
3
4
356
452
453
0
1
2
0
1
2
0
1
0
1
0
1
2
0
1
0
0
0
2
0
1
2
3
4
5
6
7
8
9
10
11
356
452
453
1
453
1
453
3
356
0
0
1
2
3
4
5
356
452
453
0
1
0
1
2
3
0
0
0
1
2
3
0
0
0
1
2
0
2
0
1
2
3
4
5
6
7
8
9
10
11
452
453
0
1
452
453
0
1
452
453
0
