int
0
1
2
356
452
453
0
1
356
452
453
0
1
356
452
453
0
0
0
0
0
0
0
0
0
0
1
3
356
452
453
3
356
452
453
3
356
452
453
0
0
0
0
0
0
0
0
0
1
3
356
452
453
0
0
452
0
0
0
0
0
0
0
0
0
0
0
0
0
0
1
3
356
452
453
0
0
452
0
0
0
0
0
0
0
0
0
0
0
0
0
0
1
452
453
3
356
0
0
453
0
0
0
0
0
0
0
0
0
0
0
0
0
0
1
2
3
4
5
6
452
453
0
452
453
0
452
453
0
452
453
0
0
0
0
0
1
3
356
452
453
0
3
356
452
453
0
3
356
452
453
0
3
356
452
453
0
0
1
452
453
3
356
0
0
453
0
0
0
0
0
0
0
0
0
0
0
0
0
0
1
3
356
452
453
0
3
356
452
453
0
3
356
452
453
0
3
356
452
453
0
0
1
2
3
4
5
6
452
453
0
452
453
0
452
453
0
452
453
0
0
0
0
0
1
2
3
4
0
452
0
0
0
0
2
0
0
0
0
0
0
0
0
0
0
0
1
2
3
4
5
6
452
3
356
3
356
1
452
3
356
0
0
0
0
0
0
0
1
3
356
452
1
3
356
452
0
1
2
3
4
356
452
1
3
356
452
0
0
0
1
2
3
453
0
0
0
0
0
0
0
1
0
0
0
0
0
0
0
0
0
0
1
2
3
4
5
6
7
8
452
453
0
1
3
356
3
356
3
356
3
356
0
0
0
1
2
3
356
452
453
0
1
3
356
452
453
0
1
3
356
452
453
0
1
3
356
452
453
0
0
0
0
1
3
356
453
1
3
356
453
0
1
2
3
356
453
1
3
356
453
0
0
0
0
1
3
356
452
453
0
1
3
356
452
453
0
3
356
452
453
0
3
356
452
453
0
0
0
0
0
0
1
3
356
452
453
0
1
3
356
452
453
0
1
3
356
452
453
0
0
0
0
0
0
0
0
0
0
0
0
1
2
3
4
0
452
0
0
0
0
2
0
0
0
0
0
0
0
0
0
0
0
1
3
356
452
1
3
356
452
0
1
2
3
4
356
452
1
3
356
452
0
0
0
1
2
3
4
5
6
452
3
356
3
356
3
356
1
452
0
0
0
0
0
0
0
1
3
356
453
1
3
356
453
0
1
2
3
356
453
1
3
356
453
0
0
0
0
1
3
356
452
453
0
1
3
356
452
453
0
1
3
356
452
453
0
0
0
0
0
0
0
0
0
0
0
0
1
3
356
452
453
0
1
3
356
452
453
0
3
356
452
453
0
3
356
452
453
0
0
0
0
0
0
1
2
3
453
0
0
0
0
0
0
0
1
0
0
0
0
0
0
0
0
0
0
1
2
3
356
452
453
0
1
3
356
452
453
0
1
3
356
452
453
0
1
3
356
452
453
0
0
0
0
1
2
3
4
5
6
7
8
452
453
3
356
3
356
0
1
3
356
3
356
0
0
