int
0
0
0
0
0
0
1036
1605
1542
1043
0
0
0
1032
1075
1601
1538
0
1071
0
1028
1063
1797
1615
1574
1611
1583
1024
1579
1793
1551
1547
1570
1067
1059
1055
1051
3095
0
0
0
1071
1032
0
1609
1550
1031
1024
1047
1607
1581
1796
1546
1603
1575
1792
1577
1571
1543
1072
1614
1539
1067
1063
1059
1055
1051
1043
3087
0
1547
1607
1612
1025
1603
1578
1068
1575
1581
1571
1028
1610
1797
1551
1072
1543
1044
1793
1034
1539
1067
1063
1059
1055
1051
1043
3087
0
1047
1607
1608
1025
1603
1582
1068
1575
1577
1571
1028
1614
1797
1547
1072
1543
1548
1793
1034
1539
1067
1063
1059
1055
1051
1043
3087
0
1579
1607
1612
1033
1603
1546
1068
1583
1025
1575
1028
1610
1797
1571
1072
1543
1044
1793
1550
1539
1067
1063
1059
1055
1051
1043
3087
0
1579
0
1547
1540
1613
1047
1610
1607
1572
1603
1029
1583
1798
1036
1571
1551
1025
1072
1794
1539
1067
1068
1033
1063
1059
1055
1051
3091
0
0
0
0
0
0
0
1572
1537
1798
1039
0
0
0
1075
1044
1033
1794
1071
1607
1603
1583
1571
1548
1029
1614
1547
1543
1067
1063
1059
1024
1577
1610
1055
1051
3091
0
1047
1607
1608
1033
1603
1550
1068
1579
1025
1575
1028
1614
1797
1571
1072
1543
1580
1793
1546
1539
1067
1063
1059
1055
1051
1043
3087
0
0
0
0
0
0
0
1044
1037
1798
1543
0
0
0
1075
1568
1033
1794
1071
1607
1603
1579
1575
1024
1581
1614
1551
1539
1067
1063
1059
1544
1029
1610
1055
1051
3091
0
1551
0
1047
1036
1609
1583
1614
1607
1536
1603
1029
1579
1798
1568
1575
1547
1025
1072
1794
1543
1067
1068
1033
1063
1059
1055
1051
3091
0
1611
1615
1072
1025
1546
1607
1548
1797
1603
1575
1068
1793
1578
1571
1580
1029
1044
1034
1543
1539
1067
1063
1059
1055
1051
1043
3087
0
0
0
1071
0
1032
1541
1578
1047
0
1028
1611
1041
1798
1547
1580
1615
1603
1605
1072
1794
1575
1571
1551
1025
1539
1067
1063
1059
1055
1051
3087
0
0
0
0
0
0
1795
1028
1605
1798
1075
0
0
0
1071
1044
1033
1026
1615
1603
1575
1571
1547
1548
1581
1538
1543
1067
1063
1059
1055
1040
1577
1610
1051
3087
0
1047
0
1611
0
1028
1041
1546
1579
1615
1548
1603
1605
1798
1583
1024
1571
1543
1037
1072
1794
1539
1067
1068
1033
1063
1574
1059
1055
3099
0
1579
1615
1603
1583
1540
1605
1798
1571
1551
1539
1024
1067
1041
1794
1068
1059
1055
1051
1072
1037
1060
1574
1608
0
1044
0
1544
1033
3078
0
0
0
0
0
0
0
0
1572
1605
1030
1799
0
0
0
0
0
1036
1045
1538
1795
0
0
1074
0
0
1548
1041
1070
1027
1062
1614
1602
1582
1570
1032
1577
1546
1542
1066
1058
1054
1050
3659
0
0
0
0
0
0
0
1044
1605
1798
1043
0
0
0
0
1568
1033
1794
1027
0
0
0
1075
1548
1581
1038
1071
1615
1603
1579
1575
1544
1029
1610
1543
1539
1067
1063
1059
1055
3099
0
0
0
0
0
0
0
0
1044
1605
1542
1799
0
0
0
0
0
1568
1033
1030
1795
0
0
1074
0
0
1040
1581
1070
1039
1062
1614
1602
1578
1574
1544
1025
1550
1538
1066
1058
1054
1050
3659
0
0
0
0
0
0
0
0
1036
1605
1030
1799
0
0
0
0
0
1568
1045
1538
1795
0
0
1074
0
0
1548
1581
1070
1027
1062
1614
1602
1578
1574
1032
1041
1546
1542
1066
1058
1054
1050
3659
0
1047
1611
1072
1025
1582
1607
1544
1797
1603
1575
1068
1793
1550
1571
1576
1029
1612
1034
1543
1539
1067
1063
1059
1055
1051
1043
3087
0
0
0
0
0
0
1795
1028
1033
1798
1075
0
0
0
1071
1044
1601
1542
1611
1607
1575
1571
1551
1040
1581
1614
1539
1067
1063
1059
1055
1544
1577
1026
1051
3087
0
0
0
1071
0
1032
1041
1582
1615
0
1028
1551
1537
1798
1047
1576
1611
1607
1025
1072
1794
1575
1571
1547
1601
1543
1067
1063
1059
1055
1051
3087
0
0
0
0
0
0
0
1572
1033
1798
1043
0
0
0
0
1044
1601
1794
1027
0
0
0
1075
1548
1029
1614
1071
1611
1607
1583
1571
1544
1577
1038
1543
1539
1067
1063
1059
1055
3099
0
0
0
0
0
0
0
0
1572
1045
1542
1799
0
0
0
0
0
1036
1601
1030
1795
0
0
1074
0
0
1032
1041
1070
1615
1062
1610
1606
1582
1570
1544
1577
1550
1538
1066
1058
1054
1050
3075
0
0
0
0
0
0
0
0
1572
1033
1038
1799
0
0
0
0
0
1044
1601
1030
1795
0
0
1074
0
0
1548
1025
1070
1615
1062
1610
1606
1582
1570
1040
1577
1546
1542
1066
1058
1054
1050
3587
0
1615
0
1583
0
1028
1569
1550
1047
1611
1544
1607
1037
1798
1579
1024
1575
1543
1601
1072
1794
1539
1067
1068
1033
1063
1042
1059
1055
3099
0
0
0
0
0
0
0
0
1036
1045
1542
1799
0
0
0
0
0
1568
1601
1030
1795
0
0
1074
0
0
1032
1581
1070
1615
1062
1610
1606
1578
1574
1544
1041
1550
1538
1066
1058
1054
1050
3075
0
1047
1611
1607
1579
1024
1041
1798
1575
1547
1543
1536
1067
1601
1794
1068
1059
1055
1051
1072
1037
1612
1030
1060
0
1548
0
1580
1033
3618
0
0
0
0
0
0
0
0
0
0
0
0
0
0
0
0
0
0
0
0
0
0
0
0
0
0
0
0
0
0
0
0
0
0
0
0
0
0
0
0
0
0
0
0
0
0
0
0
0
0
0
0
0
0
0
0
0
0
0
0
0
0
0
0
0
0
0
0
0
0
0
0
0
0
0
0
0
0
0
0
0
0
0
0
0
0
0
0
0
0
0
0
0
0
0
0
0
0
0
0
0
0
0
0
0
0
0
0
0
0
0
0
0
0
0
0
0
0
0
0
0
0
0
0
0
0
0
0
0
0
0
0
0
0
0
0
0
0
0
0
0
0
0
0
0
0
0
0
0
0
0
0
0
0
0
0
0
0
0
0
0
0
0
0
0
0
0
0
0
0
0
0
0
0
0
0
0
0
0
0
0
0
0
0
0
0
0
0
0
0
0
0
0
0
0
0
0
0
0
0
0
0
0
0
0
0
0
0
0
0
0
0
0
0
0
0
0
0
0
0
0
0
0
0
0
0
0
0
0
0
0
0
0
0
0
0
0
0
0
0
0
0
0
0
0
0
0
0
0
0
0
0
0
0
0
0
0
0
0
0
0
0
0
0
0
0
0
0
0
0
0
0
0
0
0
0
0
0
0
0
0
0
0
0
0
0
0
0
0
0
0
0
0
0
0
0
0
0
0
0
0
0
0
0
0
0
0
0
0
0
0
0
0
0
0
0
0
0
0
0
0
0
0
0
0
0
0
0
0
0
0
0
0
0
0
0
0
0
0
0
0
0
0
0
0
0
0
0
0
0
0
0
0
0
0
0
0
0
0
0
0
0
0
0
0
0
0
0
0
0
0
0
0
0
0
0
0
0
0
0
0
0
0
0
0
0
0
0
0
0
0
0
0
0
0
0
0
0
0
0
0
0
0
0
0
0
0
0
0
0
0
0
0
0
0
0
0
0
0
0
0
0
0
0
0
0
0
0
0
0
0
0
0
0
0
0
0
0
0
0
0
0
0
0
0
0
0
0
0
0
0
0
0
0
0
0
0
0
0
0
0
0
0
0
0
0
0
0
0
0
0
0
0
0
0
0
0
0
0
0
0
0
0
0
0
0
0
0
0
0
0
0
0
0
0
0
0
0
0
0
0
0
0
0
0
0
0
0
0
0
0
0
0
0
0
0
0
0
0
0
0
0
0
0
0
0
0
0
0
0
0
0
0
0
0
0
0
0
0
0
0
0
0
0
0
0
0
0
0
0
0
0
0
0
0
0
0
0
0
0
0
0
0
0
0
0
0
0
0
0
0
0
0
0
0
0
0
0
0
0
0
0
0
0
0
0
0
0
0
0
0
0
0
0
0
0
0
0
0
0
0
0
0
0
0
0
0
0
0
0
0
0
0
0
0
0
0
0
0
0
0
0
0
0
0
0
0
0
0
0
0
0
0
0
0
0
0
0
0
0
0
0
0
0
0
0
0
0
0
0
0
0
0
0
0
0
0
0
0
0
0
0
0
0
0
0
0
0
0
0
0
0
0
0
0
0
0
0
0
0
0
0
0
0
0
0
0
0
0
0
0
0
0
0
0
0
0
0
0
0
0
0
0
0
0
0
0
0
0
0
0
0
0
0
0
0
0
0
0
0
0
0
0
0
0
0
0
0
0
0
0
0
0
0
0
0
0
0
0
0
0
0
0
0
0
0
0
0
0
0
0
0
0
0
0
0
0
0
0
0
0
0
0
0
0
0
0
0
0
0
0
0
0
0
0
0
0
0
0
0
0
0
0
0
0
0
0
0
0
0
0
0
0
0
0
0
0
0
0
0
0
0
0
0
0
0
0
0
0
0
0
0
0
0
0
0
0
0
0
0
0
0
0
0
0
0
0
0
0
0
0
0
0
0
0
0
0
0
0
0
0
0
0
0
0
0
0
0
0
0
0
0
0
0
0
0
0
0
0
0
0
0
0
0
0
0
0
0
0
0
0
0
0
0
0
0
0
0
0
0
0
0
0
0
0
0
0
0
0
0
0
0
0
0
0
0
0
0
0
0
0
0
0
0
0
0
0
0
0
0
0
0
0
0
0
0
0
0
0
0
0
0
0
0
0
0
0
0
0
0
0
0
0
0
0
0
0
0
0
0
0
0
0
0
0
0
0
0
0
0
0
0
0
0
0
0
0
0
0
0
0
0
0
0
0
0
0
0
0
0
0
0
0
0
0
0
0
0
0
0
0
0
0
0
0
0
0
0
0
0
0
0
0
0
0
0
0
0
0
0
0
0
0
0
0
0
0
0
0
0
0
0
0
0
0
0
0
0
0
0
0
0
0
0
0
0
0
0
0
0
0
0
0
0
0
0
0
0
0
0
0
0
0
0
0
0
0
0
0
0
0
0
0
0
0
0
0
0
0
0
0
0
0
0
0
0
0
0
0
0
0
0
0
0
0
0
0
0
0
0
0
0
0
0
0
0
0
0
0
0
0
0
0
0
0
0
0
0
0
0
0
0
0
0
0
0
0
0
0
0
0
0
0
0
0
0
0
0
0
0
0
0
0
0
0
0
0
0
0
0
0
0
0
0
0
0
0
0
0
0
0
0
0
0
0
0
0
0
0
0
0
0
0
0
0
0
0
0
0
0
0
0
0
0
0
0
0
0
0
0
0
0
0
0
0
0
0
0
0
0
0
0
0
0
0
0
0
0
0
0
0
0
0
0
0
0
0
0
0
0
0
0
0
0
0
0
0
0
0
0
0
0
0
0
0
0
0
0
0
0
0
0
0
0
0
0
0
0
0
0
0
0
0
0
0
0
0
0
0
0
0
0
0
0
0
0
0
0
0
0
0
0
0
0
0
0
0
0
0
0
0
0
0
0
0
0
0
0
0
0
0
0
0
0
0
0
0
0
0
0
0
0
0
0
0
0
0
0
0
0
0
0
0
0
0
0
0
0
0
0
0
0
0
0
0
0
0
0
0
0
0
0
0
0
0
0
0
0
0
0
0
0
0
0
0
0
0
0
0
0
0
0
0
0
0
0
0
0
0
0
0
0
0
0
0
0
0
0
0
0
0
0
0
0
0
0
0
0
0
0
0
0
0
0
0
0
0
0
0
0
0
0
0
0
0
0
0
0
0
0
0
0
0
0
0
0
0
0
0
0
0
0
0
0
0
0
0
0
0
0
0
0
0
0
0
0
0
0
0
0
0
0
0
0
0
0
0
0
0
0
0
0
0
0
0
0
0
0
0
0
0
0
0
0
0
0
0
0
0
0
0
0
0
0
0
0
0
0
0
0
0
0
0
0
0
0
0
0
0
0
0
0
0
0
0
0
0
0
0
0
0
0
0
0
0
0
0
0
0
0
0
0
0
0
0
0
0
0
0
0
0
0
0
0
0
0
0
0
0
0
0
0
0
0
0
0
0
0
0
0
0
0
0
0
0
0
0
0
0
0
0
0
0
0
0
0
0
0
0
0
0
0
0
0
0
0
0
0
0
0
0
0
0
0
0
0
0
0
0
0
0
0
0
0
0
0
0
0
0
0
0
0
0
0
0
0
0
0
0
0
0
0
0
0
0
0
0
0
0
0
0
0
0
0
0
0
0
0
0
0
0
0
0
0
0
0
0
0
0
0
0
0
0
0
0
0
0
0
0
0
0
0
0
0
0
0
0
0
0
0
0
0
0
0
0
0
0
0
0
0
0
0
0
0
0
0
0
0
0
0
0
0
0
0
0
0
0
0
0
0
0
0
0
0
0
0
0
0
0
0
0
0
0
0
0
0
0
0
0
0
0
0
0
0
0
0
0
0
0
0
0
0
0
0
0
0
0
0
0
0
0
0
0
0
0
0
0
0
0
0
0
0
0
0
0
0
0
0
0
0
0
0
0
0
0
0
0
0
0
0
0
0
0
0
0
0
0
0
0
0
0
0
0
0
0
0
0
0
0
0
0
0
0
0
0
0
0
0
0
0
0
0
0
0
0
0
0
0
0
0
0
0
0
0
0
0
0
0
0
0
0
0
0
0
0
0
0
0
0
0
0
0
0
0
0
0
0
0
0
0
0
0
0
0
0
0
0
0
0
0
0
0
0
0
0
0
0
0
0
0
0
0
0
0
0
0
0
0
0
0
0
0
0
0
0
0
0
0
0
0
0
0
0
0
0
0
0
0
0
0
0
0
0
0
0
0
0
0
0
0
0
0
0
0
0
0
0
0
0
0
0
0
0
0
0
0
0
0
0
0
0
0
0
0
0
0
0
0
0
0
0
0
0
0
0
0
0
0
0
0
0
0
0
0
0
0
0
0
0
0
0
0
0
0
0
0
0
0
0
0
0
0
0
0
0
0
0
0
0
0
0
0
0
0
0
0
0
0
0
0
0
0
0
0
0
0
0
0
0
0
0
0
0
0
0
0
0
0
0
0
0
0
0
0
0
0
0
0
0
0
0
0
0
0
0
0
0
0
0
0
0
0
0
0
0
0
0
0
0
0
0
0
0
0
0
0
0
0
0
0
0
0
0
0
0
0
0
0
0
0
0
0
0
0
0
0
0
0
0
0
0
0
0
0
0
0
0
0
0
0
0
0
0
0
0
0
0
0
0
0
0
0
0
0
0
0
0
0
0
0
0
0
0
0
0
0
0
0
0
0
0
0
0
0
0
0
0
0
0
0
0
0
0
0
0
0
0
0
0
0
0
0
0
0
0
0
0
0
0
0
0
0
0
0
0
0
0
0
0
0
0
0
0
0
0
0
0
0
0
0
0
0
0
0
0
0
0
0
0
0
0
0
0
0
0
0
0
0
0
0
0
0
0
0
0
0
0
0
0
0
0
0
0
0
0
0
0
0
0
0
0
0
0
0
0
0
0
0
0
0
0
0
0
0
0
0
0
0
0
0
0
0
0
0
0
0
0
0
0
0
0
0
0
0
0
0
0
0
0
0
0
0
0
0
0
0
0
0
0
0
0
0
0
0
0
0
0
0
0
0
0
0
0
0
0
0
0
0
0
0
0
0
0
0
0
0
0
0
0
0
0
0
0
0
0
0
0
0
0
0
0
0
0
0
0
0
0
0
0
0
0
0
0
0
0
0
0
0
0
0
0
0
0
0
0
0
0
0
0
0
0
0
0
0
0
0
0
0
0
0
0
0
0
0
0
0
0
0
0
0
0
0
0
0
0
0
0
0
0
0
0
0
0
0
0
0
0
0
0
0
0
0
0
0
0
0
0
0
0
0
0
0
0
0
0
0
0
0
0
0
0
0
0
0
0
0
0
0
0
0
0
0
0
0
0
0
0
0
0
0
0
0
0
0
0
0
0
0
0
0
0
0
0
0
0
0
0
0
0
0
0
0
0
0
0
0
0
0
0
0
0
0
0
0
0
0
0
0
0
0
0
0
0
0
0
0
0
0
0
0
0
0
0
0
0
0
0
0
0
0
0
0
0
0
0
0
0
0
0
0
0
0
0
0
0
0
0
0
0
0
0
0
0
0
0
0
0
0
0
0
0
0
0
0
0
0
0
0
0
0
0
0
0
0
0
0
0
0
0
0
0
0
0
0
0
0
0
0
0
0
0
0
0
0
0
0
0
0
0
0
0
0
0
0
0
0
0
0
0
0
0
0
0
0
0
0
0
0
0
0
0
0
0
0
0
0
0
0
0
0
0
0
0
0
0
0
0
0
0
0
0
0
0
0
0
0
0
0
0
0
0
0
0
0
0
0
0
0
0
0
0
0
0
0
0
0
0
0
0
0
0
0
0
0
0
0
0
0
0
0
0
0
0
0
0
0
0
0
0
0
0
0
0
0
0
0
0
0
0
0
0
0
0
0
0
0
0
0
0
0
0
0
0
0
0
0
0
0
0
0
0
0
0
0
0
0
0
0
0
0
0
0
0
0
0
0
0
0
0
0
0
0
0
0
0
0
0
0
0
0
0
0
0
0
0
0
0
0
0
0
0
0
0
0
0
0
0
0
0
0
0
0
0
0
0
0
0
0
0
0
0
0
0
0
0
0
0
0
0
0
0
0
0
0
0
0
0
0
0
0
0
0
0
0
0
0
0
0
0
0
0
0
0
0
0
0
0
0
0
0
0
0
0
0
0
0
0
0
0
0
0
0
0
0
0
0
0
0
0
0
0
0
0
0
0
0
0
0
0
0
0
0
0
0
0
0
0
0
0
0
0
0
0
0
0
0
0
0
0
0
0
0
0
0
0
0
0
0
0
0
0
0
0
0
0
0
0
0
0
0
0
0
0
0
0
0
0
0
0
0
0
0
0
0
0
0
0
0
0
0
0
0
0
0
0
0
0
0
0
0
0
0
0
0
0
0
0
0
0
0
0
0
0
0
0
0
0
0
0
0
0
0
0
0
0
0
0
0
0
0
0
0
0
0
0
0
0
0
0
0
0
0
0
0
0
0
0
0
0
0
0
0
0
0
0
0
0
0
0
0
0
0
0
0
0
0
0
0
0
0
0
0
0
0
0
0
0
0
0
0
0
0
0
0
0
0
0
0
0
0
0
0
0
0
0
0
0
0
0
0
0
0
0
0
0
0
0
0
0
0
0
0
0
0
0
0
0
0
0
0
0
0
0
0
0
0
0
0
0
0
0
0
0
0
0
0
0
0
0
0
0
0
0
0
0
0
0
0
0
0
0
0
0
0
0
0
0
0
0
0
0
0
0
0
0
0
0
0
0
0
0
0
0
0
0
0
0
0
0
0
0
0
0
0
0
0
0
0
0
0
0
0
0
0
0
0
0
0
0
0
0
0
0
0
0
0
0
0
0
0
0
0
0
0
0
0
0
0
0
0
0
0
0
0
0
0
0
0
0
0
0
0
0
0
0
0
0
0
0
0
0
0
0
0
0
0
0
0
0
0
0
0
0
0
0
0
0
0
0
0
0
0
0
0
0
0
0
0
0
0
0
0
0
0
0
0
0
0
0
0
0
0
0
0
0
0
0
0
0
0
0
0
0
0
0
0
0
0
0
0
0
0
0
0
0
0
0
0
0
0
0
0
0
0
0
0
0
0
0
0
0
0
0
0
0
0
0
0
0
0
0
0
0
0
0
