int
0
0
0
0
0
0
0
0
1044
1541
1026
1607
0
0
0
0
0
1040
0
1537
1050
1603
0
0
0
1074
1036
0
0
1573
1078
1815
1066
1614
1610
1032
1582
1578
1550
1569
1546
1070
1062
1058
1028
1054
3859
0
1055
1032
1815
1609
1028
1582
1811
1024
1549
1607
1076
1578
1603
1072
1545
1575
1614
1571
1543
1539
1071
1067
1063
1059
1051
1047
1043
3087
1551
1543
1024
1073
1052
1578
1544
1812
1808
1604
1600
1572
1568
1613
1610
1539
1033
1078
1071
1029
1067
1063
1581
1059
1051
1047
1043
3087
1547
1543
1024
1073
1548
1614
1052
1812
1808
1604
1600
1572
1568
1609
1582
1539
1033
1078
1071
1029
1067
1063
1577
1059
1051
1047
1043
3087
1571
1543
1076
1033
1052
1546
1576
1812
1808
1604
1600
1580
1572
1613
1610
1539
1549
1074
1071
1029
1067
1063
1025
1059
1051
1047
1043
3087
1815
1811
1032
1613
1607
1076
1610
1045
1072
1603
1544
1025
1052
1542
1576
1029
1583
1574
1571
1551
1539
1071
1067
1063
1059
1051
1043
3087
0
0
1079
0
1052
1609
1030
1075
1815
1044
1573
1811
1026
1607
1576
1537
1603
1583
1032
1614
1549
1571
1547
1543
1071
1067
1063
1059
1051
1043
3087
1571
1543
1076
1033
1580
1614
1052
1812
1808
1604
1600
1576
1572
1609
1550
1539
1545
1074
1071
1029
1067
1063
1025
1059
1051
1047
1043
3087
0
0
1079
0
1544
1609
1030
1075
1815
1580
1045
1811
1026
1607
1540
1569
1603
1579
1032
1614
1053
1575
1551
1539
1071
1067
1063
1059
1051
1043
3087
1815
1811
1032
1609
1607
1076
1614
1569
1072
1603
1052
1025
1580
1046
1548
1029
1579
1538
1575
1547
1543
1071
1067
1063
1059
1051
1043
3087
1571
1543
1580
1033
1052
1546
1608
1812
1808
1612
1604
1600
1572
1549
1578
1539
1029
1074
1071
1025
1067
1063
1077
1059
1051
1047
1043
3087
1071
1067
1028
1025
1608
1578
1544
1605
1052
1812
1808
1612
1600
1572
1568
1548
1536
1077
1034
1063
1581
1059
1050
1073
1047
1043
1542
3087
1811
1615
1603
1575
1571
1024
1605
1550
1547
1543
1071
1032
1537
1054
1067
1063
1028
1059
1581
1076
1050
1047
1072
1812
1577
1043
1610
3087
1815
1811
1604
1029
1615
1048
1073
1546
1076
1573
1608
1034
1576
1045
1052
1550
1025
1603
1583
1571
1543
1539
1071
1067
1063
1059
1043
3087
1583
1571
1072
1551
1605
1076
1574
1544
1539
1576
1541
1064
1034
1608
1071
1052
1812
1808
1612
1600
1029
1050
1063
1059
1043
1025
1046
3087
0
0
1079
0
0
1075
1572
1605
1034
1067
1815
1811
1615
1028
1049
1538
1603
1583
1571
1547
1548
1045
1054
1543
1071
1063
1059
1024
1577
1610
1043
3087
0
0
1079
0
0
1048
1605
1546
1075
1815
1811
1568
1029
1046
1615
1603
1579
1548
1581
1034
1575
1543
1024
1539
1053
1610
1071
1067
1063
1059
1043
3087
0
0
1079
0
0
1075
1028
1605
1542
1067
1815
1811
1615
1568
1049
1034
1603
1579
1575
1551
1024
1581
1054
1539
1071
1063
1059
1544
1045
1610
1043
3087
0
0
1079
0
0
1075
1028
1605
1034
1067
1815
1811
1615
1568
1049
1538
1603
1579
1575
1547
1548
1581
1054
1543
1071
1063
1059
1024
1045
1610
1043
3087
1571
1543
1576
1033
1612
1582
1052
1812
1808
1608
1604
1600
1572
1545
1550
1539
1029
1074
1071
1025
1067
1063
1077
1059
1051
1047
1043
3087
1811
1611
1607
1575
1571
1024
1049
1054
1551
1539
1071
1032
1601
1546
1067
1063
1028
1059
1581
1076
1614
1047
1072
1812
1577
1043
1542
3087
1071
1067
1028
1537
1548
1582
1052
1033
1612
1812
1808
1608
1604
1572
1568
1544
1540
1077
1602
1063
1577
1059
1050
1073
1047
1043
1026
3087
0
0
1079
0
0
1572
1029
1546
1075
1815
1811
1048
1601
1046
1611
1607
1583
1548
1053
1614
1571
1543
1024
1539
1577
1034
1071
1067
1063
1059
1043
3087
0
0
1079
0
0
1075
1572
1049
1542
1067
1815
1811
1611
1028
1601
1034
1607
1583
1571
1551
1024
1045
1614
1539
1071
1063
1059
1544
1577
1054
1043
3087
0
0
1079
0
0
1075
1572
1049
1034
1067
1815
1811
1611
1028
1601
1538
1607
1583
1571
1547
1548
1045
1614
1543
1071
1063
1059
1024
1577
1054
1043
3087
1815
1811
1048
1029
1611
1600
1073
1550
1076
1045
1580
1034
1052
1569
1612
1546
1025
1607
1579
1575
1543
1539
1071
1067
1063
1059
1043
3087
0
0
1079
0
0
1075
1028
1049
1542
1067
1815
1811
1611
1568
1601
1034
1607
1579
1575
1551
1024
1581
1614
1539
1071
1063
1059
1544
1045
1054
1043
3087
1579
1575
1072
1547
1029
1076
1034
1580
1543
1052
1601
1612
1570
1064
1071
1548
1812
1808
1608
1604
1537
1050
1063
1059
1043
1025
1046
3087
0
0
0
0
1075
0
1040
0
1581
1550
1079
0
1055
1036
1607
1603
1575
1577
1546
1571
1032
1543
1539
1071
1067
1814
1613
1028
1063
1059
1051
1047
1810
0
1024
3657
0
0
0
0
1075
0
1580
1033
1578
1079
0
1055
0
1040
1609
1814
1547
1607
1603
1575
1036
1029
1810
1571
1551
1612
1543
1539
1025
1071
1067
1063
1059
1051
3095
0
0
0
0
1075
0
1576
1613
1582
1079
0
1551
0
1040
1033
1814
1055
1607
1603
1575
1036
1029
1810
1571
1547
1608
1543
1539
1025
1071
1067
1063
1059
1051
3095
0
0
0
0
1075
0
1040
1809
1546
1079
0
1055
0
1036
1613
1579
1607
1610
1603
1583
1032
1549
1575
1571
1814
1543
1539
1028
1025
1071
1067
1063
1059
1051
3095
0
0
0
0
1075
0
0
1572
1541
1610
1079
0
1579
0
1547
1044
1033
1814
1055
1607
1603
1583
1571
1040
1029
1810
1551
1539
1071
1067
1612
1063
1025
1038
1059
3099
0
0
0
0
0
0
0
0
0
1612
1609
1814
1811
0
0
0
0
0
0
1036
1577
1046
1043
0
0
0
0
0
0
1548
1029
1574
1035
0
0
1073
1581
1069
1049
1024
1600
1540
1056
1054
1539
1607
1547
1078
1570
1066
3111
0
0
0
0
1075
0
1040
1809
1614
1079
0
1583
0
1036
1609
1055
1607
1550
1603
1579
1032
1545
1575
1571
1814
1543
1539
1028
1025
1071
1067
1063
1059
1051
3095
0
0
0
0
0
0
0
0
0
1612
1609
1814
1811
0
0
0
0
0
0
1580
1037
1046
1043
0
0
0
0
0
0
1028
1545
1034
1571
0
0
1073
1577
1069
1049
1024
1600
1536
1056
1542
1055
1607
1551
1078
1574
1066
3111
0
0
0
0
1075
0
0
1044
1033
1614
1079
0
1551
0
1055
1568
1537
1814
1583
1607
1603
1579
1575
1040
1029
1810
1547
1543
1071
1067
1608
1063
1025
1038
1059
3099
0
0
0
0
1075
0
1580
1029
1578
1079
0
1055
0
1036
1545
1814
1611
1615
1607
1603
1032
1025
1810
1575
1571
1548
1543
1539
1041
1071
1067
1063
1059
1051
3095
0
0
0
0
1075
0
0
1048
1033
1578
1079
0
1055
0
1611
1024
1605
1814
1547
1615
1603
1575
1571
1040
1029
1810
1551
1539
1071
1067
1063
1036
1581
1542
1059
3095
0
0
0
0
0
0
0
0
0
1024
1609
1814
1811
0
0
0
0
0
0
1580
1577
1606
1043
0
0
0
0
0
0
1548
1029
1038
1035
0
0
1073
1573
1069
1045
1048
1600
1540
1056
1054
1539
1615
1547
1078
1570
1066
3111
0
0
0
0
0
0
1811
1036
1049
1546
0
1075
0
0
0
1572
1605
1814
1079
0
1055
0
1611
1032
1045
1030
1579
1615
1603
1583
1571
1548
1041
1026
1543
1539
1071
1067
1063
3107
0
0
0
0
1075
0
0
0
1572
1605
1814
1079
0
1067
0
1611
0
1036
1049
1810
1055
0
1547
0
1579
1615
1032
1045
1542
1603
1583
1571
1551
1539
1071
1028
1041
1026
1063
3107
0
0
0
0
0
0
0
0
0
0
1548
1033
1814
1043
0
0
0
0
1075
0
0
1052
1029
1810
1079
0
1067
1615
1603
1583
1571
1547
1048
1577
1038
1543
1071
1063
1059
0
0
0
0
1536
1573
1610
0
0
0
0
0
0
0
0
1044
1025
3654
0
0
0
0
0
0
0
0
0
1548
1033
1814
1043
0
0
0
0
1075
0
1544
1581
1810
1079
1615
1603
1579
1575
1543
1539
1052
1029
1038
1071
1067
1063
1059
0
0
0
1048
1025
1610
0
0
0
0
0
0
0
1044
1569
3654
0
0
0
0
0
0
0
0
0
0
1052
1033
1814
1043
0
0
0
0
1075
0
0
1544
1581
1810
1079
0
1067
1615
1603
1579
1575
1551
1540
1029
1038
1539
1071
1063
1059
0
0
0
0
1048
1025
1610
0
0
0
0
0
0
0
0
1044
1569
3654
0
0
0
0
0
0
0
0
0
0
1548
1033
1814
1043
0
0
0
0
1075
0
0
1052
1581
1810
1079
0
1067
1615
1603
1579
1575
1547
1048
1029
1038
1543
1071
1063
1059
0
0
0
0
1536
1025
1610
0
0
0
0
0
0
0
0
1044
1569
3654
0
0
0
0
1075
0
1576
1549
1582
1079
0
1615
0
1036
1029
1814
1055
1611
1607
1603
1032
1025
1810
1575
1571
1544
1543
1539
1041
1071
1067
1063
1059
1051
3095
0
0
0
0
0
0
0
0
0
1612
1025
1814
1811
0
0
0
0
0
0
1580
1577
1042
1603
0
0
0
0
0
0
1028
1545
1038
1035
0
0
1073
1573
1069
1045
1048
1604
1536
1056
1542
1055
1611
1551
1078
1570
1066
3111
0
0
0
0
1075
0
0
1048
1537
1582
1079
0
1615
0
1551
1024
1029
1814
1055
1611
1607
1575
1571
1040
1601
1810
1547
1543
1071
1067
1063
1036
1577
1034
1059
3095
0
0
0
0
0
0
0
0
0
1548
1601
1814
1043
0
0
0
0
1075
0
1544
1029
1810
1079
1611
1607
1583
1571
1543
1539
1052
1577
1614
1071
1067
1063
1059
0
0
0
1048
1573
1038
0
0
0
0
0
0
0
1044
1025
3082
0
0
0
0
0
0
0
0
0
0
1052
1601
1814
1043
0
0
0
0
1075
0
0
1544
1029
1810
1079
0
1067
1611
1607
1583
1571
1551
1540
1577
1614
1539
1071
1063
1059
0
0
0
0
1048
1573
1038
0
0
0
0
0
0
0
0
1044
1025
3082
0
0
0
0
0
0
0
0
0
0
1548
1601
1814
1043
0
0
0
0
1075
0
0
1052
1029
1810
1079
0
1067
1611
1607
1583
1571
1547
1048
1577
1614
1543
1071
1063
1059
0
0
0
0
1536
1573
1038
0
0
0
0
0
0
0
0
1044
1025
3082
0
0
0
0
0
0
1811
1036
1049
1550
0
1075
0
0
0
1032
1045
1814
1079
0
1615
0
1583
1568
1601
1030
1055
1611
1607
1579
1575
1544
1041
1026
1543
1539
1071
1067
1063
3107
0
0
0
0
0
0
0
0
0
0
1052
1601
1814
1043
0
0
0
0
1075
0
0
1544
1581
1810
1079
0
1067
1611
1607
1579
1575
1551
1540
1029
1614
1539
1071
1063
1059
0
0
0
0
1048
1025
1038
0
0
0
0
0
0
0
0
1044
1569
3082
0
0
0
0
1075
0
0
0
1036
1049
1814
1079
0
1615
0
1067
0
1568
1601
1810
1551
0
1583
0
1055
1611
1032
1045
1026
1607
1579
1575
1547
1543
1071
1028
1041
1538
1063
3107
0
0
0
0
0
0
0
0
0
0
0
0
0
0
0
0
0
0
0
0
0
0
0
0
0
0
0
0
0
0
0
0
0
0
0
0
0
0
0
0
0
0
0
0
0
0
0
0
0
0
0
0
0
0
0
0
0
0
0
0
0
0
0
0
0
0
0
0
0
0
0
0
0
0
0
0
0
0
0
0
0
0
0
0
0
0
0
0
0
0
0
0
0
0
0
0
0
0
0
0
0
0
0
0
0
0
0
0
0
0
0
0
0
0
0
0
0
0
0
0
0
0
0
0
0
0
0
0
0
0
0
0
0
0
0
0
0
0
0
0
0
0
0
0
0
0
0
0
0
0
0
0
0
0
0
0
0
0
0
0
0
0
0
0
0
0
0
0
0
0
0
0
0
0
0
0
0
0
0
0
0
0
0
0
0
0
0
0
0
0
0
0
0
0
0
0
0
0
0
0
0
0
0
0
0
0
0
0
0
0
0
0
0
0
0
0
0
0
0
0
0
0
0
0
0
0
0
0
0
0
0
0
0
0
0
0
0
0
0
0
0
0
0
0
0
0
0
0
0
0
0
0
0
0
0
0
0
0
0
0
0
0
0
0
0
0
0
0
0
0
0
0
0
0
0
0
0
0
0
0
0
0
0
0
0
0
0
0
0
0
0
0
0
0
0
0
0
0
0
0
0
0
0
0
0
0
0
0
0
0
0
0
0
0
0
0
0
0
0
0
0
0
0
0
0
0
0
0
0
0
0
0
0
0
0
0
0
0
0
0
0
0
0
0
0
0
0
0
0
0
0
0
0
0
0
0
0
0
0
0
0
0
0
0
0
0
0
0
0
0
0
0
0
0
0
0
0
0
0
0
0
0
0
0
0
0
0
0
0
0
0
0
0
0
0
0
0
0
0
0
0
0
0
0
0
0
0
0
0
0
0
0
0
0
0
0
0
0
0
0
0
0
0
0
0
0
0
0
0
0
0
0
0
0
0
0
0
0
0
0
0
0
0
0
0
0
0
0
0
0
0
0
0
0
0
0
0
0
0
0
0
0
0
0
0
0
0
0
0
0
0
0
0
0
0
0
0
0
0
0
0
0
0
0
0
0
0
0
0
0
0
0
0
0
0
0
0
0
0
0
0
0
0
0
0
0
0
0
0
0
0
0
0
0
0
0
0
0
0
0
0
0
0
0
0
0
0
0
0
0
0
0
0
0
0
0
0
0
0
0
0
0
0
0
0
0
0
0
0
0
0
0
0
0
0
0
0
0
0
0
0
0
0
0
0
0
0
0
0
0
0
0
0
0
0
0
0
0
0
0
0
0
0
0
0
0
0
0
0
0
0
0
0
0
0
0
0
0
0
0
0
0
0
0
0
0
0
0
0
0
0
0
0
0
0
0
0
0
0
0
0
0
0
0
0
0
0
0
0
0
0
0
0
0
0
0
0
0
0
0
0
0
0
0
0
0
0
0
0
0
0
0
0
0
0
0
0
0
0
0
0
0
0
0
0
0
0
0
0
0
0
0
0
0
0
0
0
0
0
0
0
0
0
0
0
0
0
0
0
0
0
0
0
0
0
0
0
0
0
0
0
0
0
0
0
0
0
0
0
0
0
0
0
0
0
0
0
0
0
0
0
0
0
0
0
0
0
0
0
0
0
0
0
0
0
0
0
0
0
0
0
0
0
0
0
0
0
0
0
0
0
0
0
0
0
0
0
0
0
0
0
0
0
0
0
0
0
0
0
0
0
0
0
0
0
0
0
0
0
0
0
0
0
0
0
0
0
0
0
0
0
0
0
0
0
0
0
0
0
0
0
0
0
0
0
0
0
0
0
0
0
0
0
0
0
0
0
0
0
0
0
0
0
0
0
0
0
0
0
0
0
0
0
0
0
0
0
0
0
0
0
0
0
0
0
0
0
0
0
0
0
0
0
0
0
0
0
0
0
0
0
0
0
0
0
0
0
0
0
0
0
0
0
0
0
0
0
0
0
0
0
0
0
0
0
0
0
0
0
0
0
0
0
0
0
0
0
0
0
0
0
0
0
0
0
0
0
0
0
0
0
0
0
0
0
0
0
0
0
0
0
0
0
0
0
0
0
0
0
0
0
0
0
0
0
0
0
0
0
0
0
0
0
0
0
0
0
0
0
0
0
0
0
0
0
0
0
0
0
0
0
0
0
0
0
0
0
0
0
0
0
0
0
0
0
0
0
0
0
0
0
0
0
0
0
0
0
0
0
0
0
0
0
0
0
0
0
0
0
0
0
0
0
0
0
0
0
0
0
0
0
0
0
0
0
0
0
0
0
0
0
0
0
0
0
0
0
0
0
0
0
0
0
0
0
0
0
0
0
0
0
0
0
0
0
0
0
0
0
0
0
0
0
0
0
0
0
0
0
0
0
0
0
0
0
0
0
0
0
0
0
0
0
0
0
0
0
0
0
0
0
0
0
0
0
0
0
0
0
0
0
0
0
0
0
0
0
0
0
0
0
0
0
0
0
0
0
0
0
0
0
0
0
0
0
0
0
0
0
0
0
0
0
0
0
0
0
0
0
0
0
0
0
0
0
0
0
0
0
0
0
0
0
0
0
0
0
0
0
0
0
0
0
0
0
0
0
0
0
0
0
0
0
0
0
0
0
0
0
0
0
0
0
0
0
0
0
0
0
0
0
0
0
0
0
0
0
0
0
0
0
0
0
0
0
0
0
0
0
0
0
0
0
0
0
0
0
0
0
0
0
0
0
0
0
0
0
0
0
0
0
0
0
0
0
0
0
0
0
0
0
0
0
0
0
0
0
0
0
0
0
0
0
0
0
0
0
0
0
0
0
0
0
0
0
0
0
0
0
0
0
0
0
0
0
0
0
0
0
0
0
0
0
0
0
0
0
0
0
0
0
0
0
0
0
0
0
0
0
0
0
0
0
0
0
0
0
0
0
0
0
0
0
0
0
0
0
0
0
0
0
0
0
0
0
0
0
0
0
0
0
0
0
0
0
0
0
0
0
0
0
0
0
0
0
0
0
0
0
0
0
0
0
0
0
0
0
0
0
0
0
0
0
0
0
0
0
0
0
0
0
0
0
0
0
0
0
0
0
0
0
0
0
0
0
0
0
0
0
0
0
0
0
0
0
0
0
0
0
0
0
0
0
0
0
0
0
0
0
0
0
0
0
0
0
0
0
0
0
0
0
0
0
0
0
0
0
0
0
0
0
0
0
0
0
0
0
0
0
0
0
0
0
0
0
0
0
0
0
0
0
0
0
0
0
0
0
0
0
0
0
0
0
0
0
0
0
0
0
0
0
0
0
0
0
0
0
0
0
0
0
0
0
0
0
0
0
0
0
0
0
0
0
0
0
0
0
0
0
0
0
0
0
0
0
0
0
0
0
0
0
0
0
0
0
0
0
0
0
0
0
0
0
0
0
0
0
0
0
0
0
0
0
0
0
0
0
0
0
0
0
0
0
0
0
0
0
0
0
0
0
0
0
0
0
0
0
0
0
0
0
0
0
0
0
0
0
0
0
0
0
0
0
0
0
0
0
0
0
0
0
0
0
0
0
0
0
0
0
0
0
0
0
0
0
0
0
0
0
0
0
0
0
0
0
0
0
0
0
0
0
0
0
0
0
0
0
0
0
0
0
0
0
0
0
0
0
0
0
0
0
0
0
0
0
0
0
0
0
0
0
0
0
0
0
0
0
0
0
0
0
0
0
0
0
0
0
0
0
0
0
0
0
0
0
0
0
0
0
0
0
0
0
0
0
0
0
0
0
0
0
0
0
0
0
0
0
0
0
0
0
0
0
0
0
0
0
0
0
0
0
0
0
0
0
0
0
0
0
0
0
0
0
0
0
0
0
0
0
0
0
0
0
0
0
0
0
0
0
0
0
0
0
0
0
0
0
0
0
0
0
0
0
0
0
0
0
0
0
0
0
0
0
0
0
0
0
0
0
0
0
0
0
0
0
0
0
0
0
0
0
0
0
0
0
0
0
0
0
0
0
0
0
0
0
0
0
0
0
0
0
0
0
0
0
0
0
0
0
0
0
0
0
0
0
0
0
0
0
0
0
0
0
0
0
0
0
0
0
0
0
0
0
0
0
0
0
0
0
0
0
0
0
0
0
0
0
0
0
0
0
0
0
0
0
0
0
0
0
0
0
0
0
0
0
0
0
0
0
0
0
0
0
0
0
0
0
0
0
0
0
0
0
0
0
0
0
0
0
0
0
0
0
0
0
0
0
0
0
0
0
0
0
0
0
0
0
0
0
0
0
0
0
0
0
0
0
0
0
0
0
0
0
0
0
0
0
0
0
0
0
0
0
0
0
0
0
0
0
0
0
0
0
0
0
0
0
0
0
0
0
0
0
0
0
0
0
0
0
0
0
0
0
0
0
0
0
0
0
0
0
0
0
0
0
0
0
0
0
0
0
0
0
0
0
0
0
0
0
0
0
0
0
0
0
0
0
0
0
0
0
0
0
0
0
0
0
0
0
0
0
0
0
0
0
0
0
0
0
0
0
0
0
0
0
0
0
0
0
0
0
0
0
0
0
0
0
0
0
0
0
0
0
0
0
0
0
0
0
0
0
0
0
0
0
0
0
0
0
0
0
0
0
0
0
0
0
0
0
0
0
0
0
0
