int
0
0
0
0
0
0
0
0
0
1044
1541
1574
1031
0
1075
0
1083
1615
1611
1040
1583
1537
1570
1579
1551
1547
1087
1079
1071
1036
1067
1025
1063
1606
1059
1055
0
0
0
1032
0
1049
0
0
3650
0
0
0
0
1048
1035
1545
1614
1055
1044
1083
1607
1603
1581
1028
1610
1575
1571
1543
1024
1577
1539
1550
1087
1079
1075
1071
1067
1063
1059
1043
3087
1551
1543
1539
1087
1032
1025
1578
1079
1028
1075
1052
1049
1080
1610
1544
1604
1600
1572
1568
1581
1614
1071
1067
1063
1045
1059
1043
3087
1547
1543
1539
1087
1032
1025
1614
1079
1028
1075
1052
1049
1548
1582
1080
1604
1600
1572
1568
1577
1610
1071
1067
1063
1045
1059
1043
3087
1571
1543
1539
1087
1024
1049
1546
1079
1028
1075
1576
1549
1052
1610
1080
1604
1600
1580
1572
1045
1614
1071
1067
1063
1033
1059
1043
3087
0
1055
0
1547
0
1028
1025
1610
1579
1607
1603
1048
1037
1046
1583
1571
1612
1551
1080
1033
1542
1539
1087
1079
1075
1573
1071
1067
1063
1059
3091
0
0
0
0
0
0
0
1548
1045
1614
1031
0
1083
1607
1603
1036
1577
1610
1583
1571
1547
1543
1087
1032
1573
1054
1079
1075
1071
1067
1063
1536
1025
1050
1059
3091
1571
1543
1539
1087
1024
1049
1614
1079
1028
1075
1080
1545
1052
1550
1580
1604
1600
1576
1572
1045
1610
1071
1067
1063
1033
1059
1043
3087
0
0
0
0
0
0
0
1036
1581
1614
1031
0
1083
1607
1603
1544
1045
1610
1579
1575
1551
1539
1087
1540
1025
1054
1079
1075
1071
1067
1063
1032
1569
1050
1059
3091
0
1551
0
1583
0
1568
1537
1614
1055
1607
1603
1048
1037
1046
1579
1575
1608
1547
1080
1033
1026
1543
1087
1079
1075
1029
1071
1067
1063
1059
3091
1571
1543
1539
1087
1024
1549
1546
1079
1028
1075
1080
1045
1608
1578
1052
1612
1604
1600
1572
1033
1050
1071
1067
1063
1581
1059
1043
3087
0
1611
0
1055
0
1028
1605
1578
1547
1615
1603
1048
1025
1542
1575
1571
1551
1044
1581
1080
1042
1539
1087
1079
1033
1075
1071
1067
1063
1059
3087
0
0
0
0
0
0
1031
1548
1581
1026
1083
1615
1603
1575
1571
1044
1577
1610
1547
1543
1087
1079
1075
1040
1053
1606
1071
1067
1063
1059
1039
1536
1049
3082
0
1579
0
1611
0
1572
1605
1546
1083
0
1055
1044
1029
1038
1615
1603
1583
1040
1025
1034
1571
1543
1548
1539
1049
1087
1079
1075
1071
1067
1063
3107
1583
1571
1551
1539
1087
1079
1040
1025
1542
1071
1067
1063
1059
1036
1049
1080
1034
1608
0
1544
0
1052
1573
1576
1606
1072
1612
1600
0
1045
0
3078
0
0
0
0
0
0
0
0
1548
1037
1046
1055
0
0
0
0
0
1028
1577
1610
1051
0
1075
0
1083
1615
1024
1573
1606
1603
1583
1571
1547
1543
1087
1536
1033
1042
1079
1071
1067
1063
3107
0
0
0
0
0
0
0
1548
1581
1046
1055
0
0
0
0
1544
1037
1610
1051
0
1083
1615
1603
1028
1033
1606
1579
1575
1543
1539
1087
1024
1569
1042
1079
1075
1071
1067
1063
3107
0
0
0
0
0
0
1547
0
1040
1025
1542
0
0
1583
0
1075
0
1036
1049
1034
1083
1615
1603
1579
1052
1575
1551
1045
1606
1539
1087
1608
1079
1071
1067
1063
1569
1030
3107
0
0
0
0
0
0
0
0
1548
1581
1046
1055
0
0
0
0
0
1028
1037
1610
1051
0
1075
0
1083
1615
1024
1033
1606
1603
1579
1575
1547
1543
1087
1536
1569
1042
1079
1071
1067
1063
3107
1571
1543
1539
1087
1024
1545
1582
1079
1028
1075
1612
1045
1080
1550
1052
1608
1604
1600
1572
1033
1050
1071
1067
1063
1577
1059
1043
3087
0
0
0
0
0
0
1031
1044
1581
1614
1083
1611
1607
1575
1571
1544
1577
1026
1551
1539
1087
1079
1075
1540
1053
1034
1071
1067
1063
1059
1039
1040
1049
3650
0
1083
0
1551
0
1028
1025
1582
1055
1611
1607
1048
1601
1042
1575
1571
1547
1044
1577
1612
1538
1543
1087
1079
1033
1075
1071
1067
1063
1059
3087
0
0
0
0
0
0
0
1548
1037
1614
1055
0
0
0
0
1544
1577
1046
1051
0
1083
1611
1607
1028
1573
1042
1583
1571
1543
1539
1087
1024
1033
1602
1079
1075
1071
1067
1063
3107
0
0
0
0
0
0
0
0
1028
1037
1614
1055
0
0
0
0
0
1544
1577
1046
1051
0
1075
0
1083
1611
1540
1573
1042
1607
1583
1571
1551
1539
1087
1024
1033
1602
1079
1071
1067
1063
3107
0
0
0
0
0
0
1055
0
1040
1025
1034
0
0
1551
0
1075
0
1036
1049
1538
1083
1611
1607
1583
1612
1571
1547
1573
1030
1543
1087
1576
1079
1071
1067
1063
1045
1602
3107
0
1615
0
1055
0
1044
1029
1550
1083
0
1583
1568
1601
1038
1611
1607
1579
1040
1025
1034
1575
1543
1544
1539
1049
1087
1079
1075
1071
1067
1063
3107
0
0
0
0
0
0
0
0
1028
1581
1614
1055
0
0
0
0
0
1544
1037
1046
1051
0
1075
0
1083
1611
1540
1033
1042
1607
1579
1575
1551
1539
1087
1024
1569
1602
1079
1071
1067
1063
3107
1579
1575
1547
1543
1087
1079
1040
1025
1034
1071
1067
1063
1059
1036
1049
1612
1538
1548
0
1080
0
1580
1045
1052
1030
1072
1608
1604
0
1569
0
3650
0
0
0
0
0
0
0
1048
1035
1545
1614
1055
0
1083
1607
1044
1603
1575
1571
1581
1610
1543
1539
1028
1087
1079
1075
1071
1067
1577
1550
1024
1063
1059
1043
3087
0
1083
0
1547
1607
1603
1575
1048
1025
1578
1571
1551
1543
1539
1087
1044
1033
1079
1610
1075
1071
1067
1612
1063
1052
1581
1030
1059
1043
3087
0
1551
0
1083
1607
1603
1575
1048
1025
1582
1571
1547
1543
1539
1087
1044
1033
1079
1614
1075
1071
1067
1608
1063
1052
1577
1030
1059
1043
3087
0
1579
0
1055
0
1083
1607
1044
1549
1546
1603
1583
1575
1571
1543
1028
1033
1539
1087
1610
1079
1075
1071
1024
1049
1067
1063
1614
1059
1043
3087
0
0
0
0
0
0
1615
0
1572
1025
1046
1083
0
1055
0
1547
0
1028
1037
1610
1579
1607
1603
1583
1571
1551
1048
1033
1542
1539
1087
1079
1075
1071
1067
1063
1059
3091
0
0
0
0
0
0
0
0
0
0
1548
1045
1614
1031
0
1083
1607
1603
1583
1571
1547
1036
1577
1610
1543
1087
1079
1075
1071
1067
1063
1059
1032
1573
1054
1043
0
0
0
0
0
0
0
1536
1025
3098
0
1083
0
1055
0
1583
1607
1044
1545
1614
1603
1579
1575
1571
1543
1028
1033
1539
1087
1550
1079
1075
1071
1024
1049
1067
1063
1610
1059
1043
3087
0
0
0
0
0
0
0
0
0
0
1036
1581
1614
1031
0
1083
1607
1603
1579
1575
1551
1544
1045
1610
1539
1087
1079
1075
1071
1067
1063
1059
1540
1025
1054
1043
0
0
0
0
0
0
0
1032
1569
3098
0
0
0
0
0
0
1611
0
1028
1537
1614
1083
0
1551
0
1583
0
1568
1037
1046
1055
1607
1603
1579
1575
1547
1048
1033
1026
1543
1087
1079
1075
1071
1067
1063
1059
3091
0
1611
0
1055
1615
1607
1603
1580
1025
1578
1575
1571
1543
1539
1087
1044
1033
1079
1546
1075
1071
1067
1548
1063
1080
1049
1030
1059
1043
3087
0
0
0
0
0
0
0
0
1032
1605
1578
1047
0
1083
0
1611
0
1028
1025
1542
1055
0
1547
1615
1603
1575
1048
1581
1042
1571
1551
1539
1087
1079
1075
1071
1067
1063
1059
3087
0
0
0
0
0
0
0
0
0
0
1548
1581
1054
1031
0
1083
1615
1603
1575
1571
1547
1024
1577
1610
1543
1087
1079
1075
1071
1067
1063
1059
1032
1045
1606
1039
0
0
0
0
0
0
0
1536
1041
3098
0
1579
0
1611
0
1083
0
1055
1572
1605
1546
1615
1603
1583
1571
1543
1539
1028
1041
1050
1087
1079
1075
1071
1067
1548
1063
1037
1046
1059
0
0
0
1024
0
0
3081
0
0
0
0
0
0
0
0
0
1572
1029
1038
1543
1082
0
1610
0
1546
0
1044
1025
1054
1035
1578
0
1074
1614
1602
1582
1040
1049
1570
1550
1538
1086
1078
1070
1066
1062
1058
3655
0
0
0
0
0
0
0
0
0
0
0
1548
1037
1046
1055
0
0
0
0
0
0
0
0
1028
1577
1610
1051
0
1075
0
1083
1615
1603
1583
1571
1024
1573
1606
1547
1543
1087
1079
1071
1067
1063
1059
0
1536
1033
3090
0
0
0
0
0
0
0
0
0
0
1548
1581
1046
1055
0
0
0
0
0
0
0
1544
1037
1610
1051
0
1083
1615
1603
1579
1575
1543
1028
1033
1606
1539
1087
1079
1075
1071
1067
1063
1059
1024
1569
3090
0
0
0
0
0
0
0
0
0
0
1583
1048
1037
1046
0
0
0
0
0
0
0
1547
1028
1075
1033
1542
1083
1615
1603
1579
1575
1551
1539
1608
1087
1079
1025
1606
1071
1067
1063
1059
0
0
1052
0
0
0
1569
3090
0
0
0
0
0
0
0
0
0
0
1055
1040
1025
1034
0
0
0
0
0
0
0
1583
0
1036
1049
1538
1075
0
1083
1615
1603
1579
1575
1547
1548
1543
1045
1606
1087
1079
1071
1067
1063
1059
0
1608
0
0
1569
3078
0
1083
0
1055
1611
1607
1603
1576
1025
1582
1575
1571
1543
1539
1087
1044
1033
1079
1550
1075
1071
1067
1544
1063
1612
1049
1030
1059
1043
3087
0
0
0
0
0
0
0
0
0
0
1024
1581
1614
1031
0
1083
1611
1607
1575
1571
1551
1544
1577
1054
1539
1087
1079
1075
1071
1067
1063
1059
1540
1045
1050
1039
0
0
0
0
0
0
0
1032
1041
3650
0
0
0
0
0
0
0
0
1032
1025
1582
1047
0
1615
0
1083
0
1028
1601
1042
1551
0
1055
1611
1607
1575
1048
1577
1538
1571
1547
1543
1087
1079
1075
1071
1067
1063
1059
3087
0
0
0
0
0
0
0
0
0
0
1548
1037
1614
1055
0
0
0
0
0
0
0
1544
1577
1046
1051
0
1083
1611
1607
1583
1571
1543
1028
1573
1042
1539
1087
1079
1075
1071
1067
1063
1059
1024
1033
3650
0
0
0
0
0
0
0
0
0
0
1547
1040
1025
1542
0
0
0
0
0
0
0
1055
0
1036
1049
1034
1075
0
1083
1611
1607
1583
1571
1551
1612
1539
1573
1030
1087
1079
1071
1067
1063
1059
0
1576
0
0
1045
3650
0
0
0
0
0
0
0
0
0
0
1055
1048
1037
1046
0
0
0
0
0
0
0
1579
1612
1075
1033
1042
1083
1611
1607
1583
1571
1547
1543
1028
1087
1079
1573
1538
1071
1067
1063
1059
0
0
1548
0
0
0
1025
3650
0
1615
0
1055
0
1083
0
1583
1028
1041
1550
1611
1607
1579
1575
1543
1539
1568
1601
1050
1087
1079
1075
1071
1067
1544
1063
1037
1046
1059
0
0
0
1024
0
0
3081
0
0
0
0
0
0
0
0
0
0
0
1028
1581
1614
1055
0
0
0
0
0
0
0
0
1544
1037
1046
1051
0
1075
0
1083
1611
1607
1579
1575
1540
1033
1042
1551
1539
1087
1079
1071
1067
1063
1059
0
1024
1569
3650
0
0
0
0
0
0
0
0
0
1044
1601
1038
1035
1614
0
1550
0
1082
0
1568
1025
1582
1539
1054
0
1074
1610
1606
1578
1040
1049
1574
1546
1542
1086
1078
1070
1066
1062
1058
3079
0
0
0
0
0
0
0
0
0
0
0
0
0
0
0
0
0
0
0
0
0
0
0
0
0
0
0
0
0
0
0
0
0
0
0
0
0
0
0
0
0
0
0
0
0
0
0
0
0
0
0
0
0
0
0
0
0
0
0
0
0
0
0
0
0
0
0
0
0
0
0
0
0
0
0
0
0
0
0
0
0
0
0
0
0
0
0
0
0
0
0
0
0
0
0
0
0
0
0
0
0
0
0
0
0
0
0
0
0
0
0
0
0
0
0
0
0
0
0
0
0
0
0
0
0
0
0
0
0
0
0
0
0
0
0
0
0
0
0
0
0
0
0
0
0
0
0
0
0
0
0
0
0
0
0
0
0
0
0
0
0
0
0
0
0
0
0
0
0
0
0
0
0
0
0
0
0
0
0
0
0
0
0
0
0
0
0
0
0
0
0
0
0
0
0
0
0
0
0
0
0
0
0
0
0
0
0
0
0
0
0
0
0
0
0
0
0
0
0
0
0
0
0
0
0
0
0
0
0
0
0
0
0
0
0
0
0
0
0
0
0
0
0
0
0
0
0
0
0
0
0
0
0
0
0
0
0
0
0
0
0
0
0
0
0
0
0
0
0
0
0
0
0
0
0
0
0
0
0
0
0
0
0
0
0
0
0
0
0
0
0
0
0
0
0
0
0
0
0
0
0
0
0
0
0
0
0
0
0
0
0
0
0
0
0
0
0
0
0
0
0
0
0
0
0
0
0
0
0
0
0
0
0
0
0
0
0
0
0
0
0
0
0
0
0
0
0
0
0
0
0
0
0
0
0
0
0
0
0
0
0
0
0
0
0
0
0
0
0
0
0
0
0
0
0
0
0
0
0
0
0
0
0
0
0
0
0
0
0
0
0
0
0
0
0
0
0
0
0
0
0
0
0
0
0
0
0
0
0
0
0
0
0
0
0
0
0
0
0
0
0
0
0
0
0
0
0
0
0
0
0
0
0
0
0
0
0
0
0
0
0
0
0
0
0
0
0
0
0
0
0
0
0
0
0
0
0
0
0
0
0
0
0
0
0
0
0
0
0
0
0
0
0
0
0
0
0
0
0
0
0
0
0
0
0
0
0
0
0
0
0
0
0
0
0
0
0
0
0
0
0
0
0
0
0
0
0
0
0
0
0
0
0
0
0
0
0
0
0
0
0
0
0
0
0
0
0
0
0
0
0
0
0
0
0
0
0
0
0
0
0
0
0
0
0
0
0
0
0
0
0
0
0
0
0
0
0
0
0
0
0
0
0
0
0
0
0
0
0
0
0
0
0
0
0
0
0
0
0
0
0
0
0
0
0
0
0
0
0
0
0
0
0
0
0
0
0
0
0
0
0
0
0
0
0
0
0
0
0
0
0
0
0
0
0
0
0
0
0
0
0
0
0
0
0
0
0
0
0
0
0
0
0
0
0
0
0
0
0
0
0
0
0
0
0
0
0
0
0
0
0
0
0
0
0
0
0
0
0
0
0
0
0
0
0
0
0
0
0
0
0
0
0
0
0
0
0
0
0
0
0
0
0
0
0
0
0
0
0
0
0
0
0
0
0
0
0
0
0
0
0
0
0
0
0
0
0
0
0
0
0
0
0
0
0
0
0
0
0
0
0
0
0
0
0
0
0
0
0
0
0
0
0
0
0
0
0
0
0
0
0
0
0
0
0
0
0
0
0
0
0
0
0
0
0
0
0
0
0
0
0
0
0
0
0
0
0
0
0
0
0
0
0
0
0
0
0
0
0
0
0
0
0
0
0
0
0
0
0
0
0
0
0
0
0
0
0
0
0
0
0
0
0
0
0
0
0
0
0
0
0
0
0
0
0
0
0
0
0
0
0
0
0
0
0
0
0
0
0
0
0
0
0
0
0
0
0
0
0
0
0
0
0
0
0
0
0
0
0
0
0
0
0
0
0
0
0
0
0
0
0
0
0
0
0
0
0
0
0
0
0
0
0
0
0
0
0
0
0
0
0
0
0
0
0
0
0
0
0
0
0
0
0
0
0
0
0
0
0
0
0
0
0
0
0
0
0
0
0
0
0
0
0
0
0
0
0
0
0
0
0
0
0
0
0
0
0
0
0
0
0
0
0
0
0
0
0
0
0
0
0
0
0
0
0
0
0
0
0
0
0
0
0
0
0
0
0
0
0
0
0
0
0
0
0
0
0
0
0
0
0
0
0
0
0
0
0
0
0
0
0
0
0
0
0
0
0
0
0
0
0
0
0
0
0
0
0
0
0
0
0
0
0
0
0
0
0
0
0
0
0
0
0
0
0
0
0
0
0
0
0
0
0
0
0
0
0
0
0
0
0
0
0
0
0
0
0
0
0
0
0
0
0
0
0
0
0
0
0
0
0
0
0
0
0
0
0
0
0
0
0
0
0
0
0
0
0
0
0
0
0
0
0
0
0
0
0
0
0
0
0
0
0
0
0
0
0
0
0
0
0
0
0
0
0
0
0
0
0
0
0
0
0
0
0
0
0
0
0
0
0
0
0
0
0
0
0
0
0
0
0
0
0
0
0
0
0
0
0
0
0
0
0
0
0
0
0
0
0
0
0
0
0
0
0
0
0
0
0
0
0
0
0
0
0
0
0
0
0
0
0
0
0
0
0
0
0
0
0
0
0
0
0
0
0
0
0
0
0
0
0
0
0
0
0
0
0
0
0
0
0
0
0
0
0
0
0
0
0
0
0
0
0
0
0
0
0
0
0
0
0
0
0
0
0
0
0
0
0
0
0
0
0
0
0
0
0
0
0
0
0
0
0
0
0
0
0
0
0
0
0
0
0
0
0
0
0
0
0
0
0
0
0
0
0
0
0
0
0
0
0
0
0
0
0
0
0
0
0
0
0
0
0
0
0
0
0
0
0
0
0
0
0
0
0
0
0
0
0
0
0
0
0
0
0
0
0
0
0
0
0
0
0
0
0
0
0
0
0
0
0
0
0
0
0
0
0
0
0
0
0
0
0
0
0
0
0
0
0
0
0
0
0
0
0
0
0
0
0
0
0
0
0
0
0
0
0
0
0
0
0
0
0
0
0
0
0
0
0
0
0
0
0
0
0
0
0
0
0
0
0
0
0
0
0
0
0
0
0
0
0
0
0
0
0
0
0
0
0
0
0
0
0
0
0
0
0
0
0
0
0
0
0
0
0
0
0
0
0
0
0
0
0
0
0
0
0
0
0
0
0
0
0
0
0
0
0
0
0
0
0
0
0
0
0
0
0
0
0
0
0
0
0
0
0
0
0
0
0
0
0
0
0
0
0
0
0
0
0
0
0
0
0
0
0
0
0
0
0
0
0
0
0
0
0
0
0
0
0
0
0
0
0
0
0
0
0
0
0
0
0
0
0
0
0
0
0
0
0
0
0
0
0
0
0
0
0
0
0
0
0
0
0
0
0
0
0
0
0
0
0
0
0
0
0
0
0
0
0
0
0
0
0
0
0
0
0
0
0
0
0
0
0
0
0
0
0
0
0
0
0
0
0
0
0
0
0
0
0
0
0
0
0
0
0
0
0
0
0
0
0
0
0
0
0
0
0
0
0
0
0
0
0
0
0
0
0
0
0
0
0
0
0
0
0
0
0
0
0
0
0
0
0
0
0
0
0
0
0
0
0
0
0
0
0
0
0
0
0
0
0
0
0
0
0
0
0
0
0
0
0
0
0
0
0
0
0
0
0
0
0
0
0
0
0
0
0
0
0
0
0
0
0
0
0
0
0
0
0
0
0
0
0
0
0
0
0
0
0
0
0
0
0
0
0
0
0
0
0
0
0
0
0
0
0
0
0
0
0
0
0
0
0
0
0
0
0
0
0
0
0
0
0
0
0
0
0
0
0
0
0
0
0
0
0
0
0
0
0
0
0
0
0
0
0
0
0
0
0
0
0
0
0
0
0
0
0
0
0
0
0
0
0
0
0
0
0
0
0
0
0
0
0
0
0
0
0
0
0
0
0
0
0
0
0
0
0
0
0
0
0
0
0
0
0
0
0
0
0
0
0
0
0
0
0
0
0
0
0
0
0
0
0
0
0
0
0
0
0
0
0
0
0
0
0
0
0
0
0
0
0
0
0
0
0
0
0
0
0
0
0
0
0
0
0
0
0
0
0
0
0
0
0
0
0
0
0
0
0
0
0
0
0
0
0
0
0
0
0
0
0
0
0
0
0
0
0
0
0
0
0
0
0
0
0
0
0
0
0
0
0
0
0
0
0
0
0
0
0
0
0
0
0
0
0
0
0
0
0
0
0
0
0
0
0
0
0
0
0
0
0
0
0
0
0
0
0
0
0
0
0
0
0
0
0
0
0
0
0
0
0
0
0
0
0
0
0
0
0
0
0
0
0
0
0
0
0
0
0
0
0
0
0
0
0
0
0
0
0
0
0
0
0
0
0
0
0
0
0
0
0
0
0
0
0
0
0
0
0
0
0
0
0
0
0
0
0
0
0
0
0
0
0
0
0
0
0
0
0
0
0
0
0
0
0
0
0
0
0
0
0
0
0
0
0
0
0
0
0
0
0
0
0
0
0
0
0
0
0
0
0
0
0
