int
0
0
0
0
0
1031
1032
1605
1542
1075
0
0
0
1024
1071
1601
1538
1063
1615
1611
1040
1583
1797
1579
1574
1551
1547
1036
1067
1793
1059
1055
1570
1051
3095
0
0
0
1071
1792
1047
1609
1550
1607
1024
1603
1575
1581
1571
1032
1546
1543
1539
1577
1028
1067
1063
1614
1072
1797
1059
1055
1051
1043
3087
0
1547
1607
1603
1580
1793
1578
1575
1571
1024
1613
1551
1543
1072
1610
1033
1539
1068
1067
1044
1029
1798
1063
1059
1055
1051
1043
3087
0
1047
1607
1603
1576
1793
1614
1575
1571
1024
1609
1547
1543
1072
1582
1033
1539
1068
1067
1548
1029
1798
1063
1059
1055
1051
1043
3087
0
1579
1607
1603
1548
1033
1546
1583
1792
1575
1613
1571
1072
1610
1543
1029
1068
1539
1044
1798
1025
1067
1063
1059
1055
1051
1043
3087
0
0
0
1071
0
1028
1613
1610
1579
0
1547
1572
1037
1798
1047
1607
1603
1024
1033
1794
1583
1072
1571
1551
1541
1539
1067
1063
1059
1055
1051
3091
0
0
0
0
0
0
0
1572
1537
1798
1039
0
0
0
1075
1044
1033
1794
1071
1607
1603
1583
1571
1548
1029
1614
1547
1543
1067
1063
1059
1024
1577
1610
1055
1051
3091
0
1047
1607
1603
1544
1033
1614
1579
1792
1575
1609
1571
1072
1550
1543
1029
1068
1539
1580
1798
1025
1067
1063
1059
1055
1051
1043
3087
0
0
0
0
0
0
0
1044
1037
1798
1543
0
0
0
1075
1568
1033
1794
1071
1607
1603
1579
1575
1024
1581
1614
1551
1539
1067
1063
1059
1544
1029
1610
1055
1051
3091
0
0
0
1071
0
1536
1609
1614
1551
0
1047
1024
1037
1798
1583
1607
1603
1568
1033
1794
1579
1072
1575
1547
1029
1543
1067
1063
1059
1055
1051
3091
0
1611
1615
1792
1025
1607
1578
1548
1603
1581
1575
1072
1546
1571
1033
1068
1543
1044
1798
1029
1539
1067
1063
1059
1055
1051
1043
3087
0
1047
0
1611
1040
1581
1547
1578
1615
1540
1603
1025
1575
1798
1604
1571
1551
1033
1072
1030
1539
1067
1068
1793
1063
1059
1055
1051
3087
0
0
0
0
0
1031
0
1040
1605
1798
1075
0
0
0
1071
1024
1537
1034
1615
1603
1575
1571
1547
1548
1581
1046
1543
1067
1063
1059
1792
1055
1577
1610
1051
3087
0
1047
0
1611
0
1572
1605
1798
1579
1615
1603
1028
1041
1794
1583
1548
1571
1543
1037
1072
1026
1539
1067
1068
1033
1063
1546
1059
1055
3099
0
1579
1615
1603
1583
1024
1605
1798
1571
1551
1539
1028
1067
1037
1794
1068
1059
1055
1051
1072
1033
1060
1574
1608
0
1044
0
1544
1541
3090
0
0
0
0
0
0
0
0
1572
1605
1030
1799
0
0
0
0
0
1036
1045
1538
1795
0
0
1074
0
0
1548
1041
1070
1027
1062
1614
1602
1582
1570
1032
1577
1546
1542
1066
1058
1054
1050
3659
0
0
0
0
0
0
0
1044
1605
1798
1043
0
0
0
0
1568
1033
1794
1027
0
0
0
1075
1548
1581
1038
1071
1615
1603
1579
1575
1544
1029
1610
1543
1539
1067
1063
1059
1055
3099
0
0
0
0
0
0
0
1795
1044
1605
1798
0
0
0
0
1031
0
1568
1033
1542
1075
0
0
0
1071
0
1040
1581
1038
1063
1615
1603
1579
1575
1551
1544
1025
1610
1539
1067
1059
1055
3099
0
0
0
0
0
0
0
0
1036
1605
1030
1799
0
0
0
0
0
1568
1045
1538
1795
0
0
1074
0
0
1548
1581
1070
1027
1062
1614
1602
1578
1574
1032
1041
1546
1542
1066
1058
1054
1050
3659
0
1047
1611
1792
1025
1607
1582
1544
1603
1577
1575
1072
1550
1571
1033
1068
1543
1612
1798
1029
1539
1067
1063
1059
1055
1051
1043
3087
0
0
0
0
0
1031
0
1040
1045
1798
1075
0
0
0
1071
1024
1601
1546
1611
1607
1575
1571
1551
1032
1581
1614
1539
1067
1063
1059
1792
1055
1577
1542
1051
3087
0
1615
0
1551
1600
1577
1047
1582
1611
1040
1607
1025
1575
1798
1536
1571
1547
1033
1072
1030
1543
1067
1068
1793
1063
1059
1055
1051
3087
0
0
0
0
0
0
0
1572
1033
1798
1043
0
0
0
0
1044
1601
1794
1027
0
0
0
1075
1548
1029
1614
1071
1611
1607
1583
1571
1544
1577
1038
1543
1539
1067
1063
1059
1055
3099
0
0
0
0
0
0
0
0
1572
1045
1542
1799
0
0
0
0
0
1036
1601
1030
1795
0
0
1074
0
0
1032
1041
1070
1615
1062
1610
1606
1582
1570
1544
1577
1550
1538
1066
1058
1054
1050
3075
0
0
0
0
0
0
0
1795
1572
1033
1798
0
0
0
0
1031
0
1044
1601
1038
1075
0
0
0
1071
0
1548
1025
1614
1063
1611
1607
1583
1571
1547
1040
1577
1538
1543
1067
1059
1055
3099
0
1615
0
1583
0
1028
1041
1798
1047
1611
1607
1568
1601
1794
1579
1544
1575
1543
1037
1072
1550
1539
1067
1068
1033
1063
1026
1059
1055
3099
0
0
0
0
0
0
0
0
1036
1045
1542
1799
0
0
0
0
0
1568
1601
1030
1795
0
0
1074
0
0
1032
1581
1070
1615
1062
1610
1606
1578
1574
1544
1041
1550
1538
1066
1058
1054
1050
3075
0
1047
1611
1607
1579
1024
1037
1798
1575
1547
1543
1028
1067
1601
1794
1068
1059
1055
1051
1072
1033
1612
1538
1060
0
1548
0
1580
1041
3618
0
0
0
0
0
0
0
0
0
0
0
0
0
0
0
0
0
0
0
0
0
0
0
0
0
0
0
0
0
0
0
0
0
0
0
0
0
0
0
0
0
0
0
0
0
0
0
0
0
0
0
0
0
0
0
0
0
0
0
0
0
0
0
0
0
0
0
0
0
0
0
0
0
0
0
0
0
0
0
0
0
0
0
0
0
0
0
0
0
0
0
0
0
0
0
0
0
0
0
0
0
0
0
0
0
0
0
0
0
0
0
0
0
0
0
0
0
0
0
0
0
0
0
0
0
0
0
0
0
0
0
0
0
0
0
0
0
0
0
0
0
0
0
0
0
0
0
0
0
0
0
0
0
0
0
0
0
0
0
0
0
0
0
0
0
0
0
0
0
0
0
0
0
0
0
0
0
0
0
0
0
0
0
0
0
0
0
0
0
0
0
0
0
0
0
0
0
0
0
0
0
0
0
0
0
0
0
0
0
0
0
0
0
0
0
0
0
0
0
0
0
0
0
0
0
0
0
0
0
0
0
0
0
0
0
0
0
0
0
0
0
0
0
0
0
0
0
0
0
0
0
0
0
0
0
0
0
0
0
0
0
0
0
0
0
0
0
0
0
0
0
0
0
0
0
0
0
0
0
0
0
0
0
0
0
0
0
0
0
0
0
0
0
0
0
0
0
0
0
0
0
0
0
0
0
0
0
0
0
0
0
0
0
0
0
0
0
0
0
0
0
0
0
0
0
0
0
0
0
0
0
0
0
0
0
0
0
0
0
0
0
0
0
0
0
0
0
0
0
0
0
0
0
0
0
0
0
0
0
0
0
0
0
0
0
0
0
0
0
0
0
0
0
0
0
0
0
0
0
0
0
0
0
0
0
0
0
0
0
0
0
0
0
0
0
0
0
0
0
0
0
0
0
0
0
0
0
0
0
0
0
0
0
0
0
0
0
0
0
0
0
0
0
0
0
0
0
0
0
0
0
0
0
0
0
0
0
0
0
0
0
0
0
0
0
0
0
0
0
0
0
0
0
0
0
0
0
0
0
0
0
0
0
0
0
0
0
0
0
0
0
0
0
0
0
0
0
0
0
0
0
0
0
0
0
0
0
0
0
0
0
0
0
0
0
0
0
0
0
0
0
0
0
0
0
0
0
0
0
0
0
0
0
0
0
0
0
0
0
0
0
0
0
0
0
0
0
0
0
0
0
0
0
0
0
0
0
0
0
0
0
0
0
0
0
0
0
0
0
0
0
0
0
0
0
0
0
0
0
0
0
0
0
0
0
0
0
0
0
0
0
0
0
0
0
0
0
0
0
0
0
0
0
0
0
0
0
0
0
0
0
0
0
0
0
0
0
0
0
0
0
0
0
0
0
0
0
0
0
0
0
0
0
0
0
0
0
0
0
0
0
0
0
0
0
0
0
0
0
0
0
0
0
0
0
0
0
0
0
0
0
0
0
0
0
0
0
0
0
0
0
0
0
0
0
0
0
0
0
0
0
0
0
0
0
0
0
0
0
0
0
0
0
0
0
0
0
0
0
0
0
0
0
0
0
0
0
0
0
0
0
0
0
0
0
0
0
0
0
0
0
0
0
0
0
0
0
0
0
0
0
0
0
0
0
0
0
0
0
0
0
0
0
0
0
0
0
0
0
0
0
0
0
0
0
0
0
0
0
0
0
0
0
0
0
0
0
0
0
0
0
0
0
0
0
0
0
0
0
0
0
0
0
0
0
0
0
0
0
0
0
0
0
0
0
0
0
0
0
0
0
0
0
0
0
0
0
0
0
0
0
0
0
0
0
0
0
0
0
0
0
0
0
0
0
0
0
0
0
0
0
0
0
0
0
0
0
0
0
0
0
0
0
0
0
0
0
0
0
0
0
0
0
0
0
0
0
0
0
0
0
0
0
0
0
0
0
0
0
0
0
0
0
0
0
0
0
0
0
0
0
0
0
0
0
0
0
0
0
0
0
0
0
0
0
0
0
0
0
0
0
0
0
0
0
0
0
0
0
0
0
0
0
0
0
0
0
0
0
0
0
0
0
0
0
0
0
0
0
0
0
0
0
0
0
0
0
0
0
0
0
0
0
0
0
0
0
0
0
0
0
0
0
0
0
0
0
0
0
0
0
0
0
0
0
0
0
0
0
0
0
0
0
0
0
0
0
0
0
0
0
0
0
0
0
0
0
0
0
0
0
0
0
0
0
0
0
0
0
0
0
0
0
0
0
0
0
0
0
0
0
0
0
0
0
0
0
0
0
0
0
0
0
0
0
0
0
0
0
0
0
0
0
0
0
0
0
0
0
0
0
0
0
0
0
0
0
0
0
0
0
0
0
0
0
0
0
0
0
0
0
0
0
0
0
0
0
0
0
0
0
0
0
0
0
0
0
0
0
0
0
0
0
0
0
0
0
0
0
0
0
0
0
0
0
0
0
0
0
0
0
0
0
0
0
0
0
0
0
0
0
0
0
0
0
0
0
0
0
0
0
0
0
0
0
0
0
0
0
0
0
0
0
0
0
0
0
0
0
0
0
0
0
0
0
0
0
0
0
0
0
0
0
0
0
0
0
0
0
0
0
0
0
0
0
0
0
0
0
0
0
0
0
0
0
0
0
0
0
0
0
0
0
0
0
0
0
0
0
0
0
0
0
0
0
0
0
0
0
0
0
0
0
0
0
0
0
0
0
0
0
0
0
0
0
0
0
0
0
0
0
0
0
0
0
0
0
0
0
0
0
0
0
0
0
0
0
0
0
0
0
0
0
0
0
0
0
0
0
0
0
0
0
0
0
0
0
0
0
0
0
0
0
0
0
0
0
0
0
0
0
0
0
0
0
0
0
0
0
0
0
0
0
0
0
0
0
0
0
0
0
0
0
0
0
0
0
0
0
0
0
0
0
0
0
0
0
0
0
0
0
0
0
0
0
0
0
0
0
0
0
0
0
0
0
0
0
0
0
0
0
0
0
0
0
0
0
0
0
0
0
0
0
0
0
0
0
0
0
0
0
0
0
0
0
0
0
0
0
0
0
0
0
0
0
0
0
0
0
0
0
0
0
0
0
0
0
0
0
0
0
0
0
0
0
0
0
0
0
0
0
0
0
0
0
0
0
0
0
0
0
0
0
0
0
0
0
0
0
0
0
0
0
0
0
0
0
0
0
0
0
0
0
0
0
0
0
0
0
0
0
0
0
0
0
0
0
0
0
0
0
0
0
0
0
0
0
0
0
0
0
0
0
0
0
0
0
0
0
0
0
0
0
0
0
0
0
0
0
0
0
0
0
0
0
0
0
0
0
0
0
0
0
0
0
0
0
0
0
0
0
0
0
0
0
0
0
0
0
0
0
0
0
0
0
0
0
0
0
0
0
0
0
0
0
0
0
0
0
0
0
0
0
0
0
0
0
0
0
0
0
0
0
0
0
0
0
0
0
0
0
0
0
0
0
0
0
0
0
0
0
0
0
0
0
0
0
0
0
0
0
0
0
0
0
0
0
0
0
0
0
0
0
0
0
0
0
0
0
0
0
0
0
0
0
0
0
0
0
0
0
0
0
0
0
0
0
0
0
0
0
0
0
0
0
0
0
0
0
0
0
0
0
0
0
0
0
0
0
0
0
0
0
0
0
0
0
0
0
0
0
0
0
0
0
0
0
0
0
0
0
0
0
0
0
0
0
0
0
0
0
0
0
0
0
0
0
0
0
0
0
0
0
0
0
0
0
0
0
0
0
0
0
0
0
0
0
0
0
0
0
0
0
0
0
0
0
0
0
0
0
0
0
0
0
0
0
0
0
0
0
0
0
0
0
0
0
0
0
0
0
0
0
0
0
0
0
0
0
0
0
0
0
0
0
0
0
0
0
0
0
0
0
0
0
0
0
0
0
0
0
0
0
0
0
0
0
0
0
0
0
0
0
0
0
0
0
0
0
0
0
0
0
0
0
0
0
0
0
0
0
0
0
0
0
0
0
0
0
0
0
0
0
0
0
0
0
0
0
0
0
0
0
0
0
0
0
0
0
0
0
0
0
0
0
0
0
0
0
0
0
0
0
0
0
0
0
0
0
0
0
0
0
0
0
0
0
0
0
0
0
0
0
0
0
0
0
0
0
0
0
0
0
0
0
0
0
0
0
0
0
0
0
0
0
0
0
0
0
0
0
0
0
0
0
0
0
0
0
0
0
0
0
0
0
0
0
0
0
0
0
0
0
0
0
0
0
0
0
0
0
0
0
0
0
0
0
0
0
0
0
0
0
0
0
0
0
0
0
0
0
0
0
0
0
0
0
0
0
0
0
0
0
0
0
0
0
0
0
0
0
0
0
0
0
0
0
0
0
0
0
0
0
0
0
0
0
0
0
0
0
0
0
0
0
0
0
0
0
0
0
0
0
0
0
0
0
0
0
0
0
0
0
0
0
0
0
0
0
0
0
0
0
0
0
0
0
0
0
0
0
0
0
0
0
0
0
0
0
0
0
0
0
0
0
0
0
0
0
0
0
0
0
0
0
0
0
0
0
0
0
0
0
0
0
0
0
0
0
0
0
0
0
0
0
0
0
0
0
0
0
0
0
0
0
0
0
0
0
0
0
0
0
0
0
0
0
0
0
0
0
0
0
0
0
0
0
0
0
0
0
0
0
0
0
0
0
0
0
0
0
0
0
0
0
0
0
0
0
0
0
0
0
0
0
0
0
0
0
0
0
0
0
0
0
0
0
0
0
0
0
0
0
0
0
0
0
0
0
0
0
0
0
0
0
0
0
0
0
0
0
0
0
0
0
0
0
0
0
0
0
0
0
0
0
0
0
0
0
0
0
0
0
0
0
0
0
0
0
0
0
0
0
0
0
0
0
0
0
0
0
0
0
0
0
0
0
0
0
0
0
0
0
0
0
0
0
0
0
0
0
0
0
0
0
0
0
0
0
0
0
0
0
0
0
0
0
0
0
0
0
0
0
0
0
0
0
0
0
0
0
0
0
0
0
0
0
0
0
0
0
0
0
0
0
0
0
0
0
0
0
0
0
0
0
0
0
0
0
0
0
0
0
0
0
0
0
0
0
0
0
0
0
0
0
0
0
0
0
0
0
0
0
0
0
0
0
0
0
0
0
0
0
0
0
0
0
0
0
0
0
0
0
0
0
0
0
0
0
0
0
0
0
0
0
0
0
0
0
0
0
0
0
0
0
0
0
0
0
0
0
0
0
0
0
0
0
0
0
0
0
0
0
0
0
0
0
0
0
0
0
0
0
0
0
0
0
0
0
0
0
0
0
0
0
0
0
0
0
0
0
0
0
0
0
0
0
0
0
0
0
0
0
0
0
0
0
0
0
0
0
0
0
0
0
0
0
0
0
0
0
0
0
0
0
0
0
0
0
0
0
0
0
0
0
0
0
0
0
0
0
0
0
0
0
0
0
0
0
0
0
0
0
0
0
0
0
0
0
0
0
0
0
0
0
0
0
0
0
0
0
0
0
0
0
0
0
0
0
0
0
0
0
0
0
0
0
0
0
0
0
0
0
0
0
0
0
0
0
0
0
0
0
0
0
0
0
0
0
0
0
0
0
0
0
0
0
0
0
0
0
0
0
0
0
0
0
0
0
0
0
0
0
0
0
0
0
0
0
0
0
0
0
0
0
0
0
0
0
0
0
0
0
0
0
0
0
0
0
0
0
0
0
0
0
0
0
0
0
0
0
0
0
0
0
0
0
0
0
0
0
0
0
0
0
0
0
0
0
0
0
0
0
0
0
0
0
0
0
0
0
0
0
0
0
0
0
0
0
0
0
0
0
0
0
0
0
0
0
0
0
0
0
0
0
0
0
0
0
0
0
0
0
0
0
0
0
0
0
0
0
0
0
0
0
0
0
0
0
0
0
0
0
0
0
0
0
0
0
0
0
0
0
0
0
0
0
0
0
0
0
0
0
0
0
0
0
0
0
0
0
0
0
0
0
0
0
0
0
0
0
0
0
0
0
0
0
0
0
0
0
0
0
0
0
0
0
0
0
0
0
0
0
0
0
0
0
0
0
0
0
0
0
0
0
0
0
0
0
0
0
0
0
0
0
0
0
0
0
0
0
0
0
0
0
0
0
0
0
0
0
0
0
0
0
0
0
0
0
0
0
0
0
0
0
0
0
0
0
0
0
0
0
0
0
0
0
0
0
0
0
0
0
0
0
0
0
0
0
0
0
0
0
0
0
0
0
0
0
0
0
0
0
0
0
0
0
0
0
0
0
0
0
0
0
0
0
0
0
0
0
0
0
0
0
0
0
0
0
0
0
0
0
0
0
0
0
0
0
0
0
0
0
0
0
0
0
0
0
0
0
0
0
0
0
0
0
0
0
0
0
0
0
0
0
0
0
0
0
0
0
0
0
0
0
0
0
0
0
0
0
0
0
0
0
0
0
0
0
0
0
0
0
0
0
0
0
0
0
0
0
0
0
0
0
0
0
0
0
0
0
0
0
0
0
0
0
0
0
0
0
0
0
0
0
0
0
0
0
0
0
0
0
0
0
0
0
0
0
0
0
0
0
0
0
0
0
0
0
0
0
0
0
0
0
0
0
0
0
0
0
0
0
0
0
0
0
0
0
0
0
0
0
0
0
0
0
0
0
0
0
0
0
0
0
0
0
0
0
0
0
0
0
0
0
0
0
0
0
0
0
0
0
0
0
0
0
0
0
0
0
0
0
0
0
0
0
0
0
0
0
0
0
0
0
0
0
0
0
0
0
0
0
0
0
0
0
0
0
0
0
0
0
0
0
0
0
0
0
0
0
0
0
0
0
0
0
0
0
0
0
0
0
0
0
0
0
0
0
0
0
0
0
0
0
0
0
0
0
0
0
0
0
0
0
0
0
0
0
0
0
0
0
0
0
0
0
0
0
0
0
0
0
0
0
0
0
0
0
0
0
0
0
0
0
0
0
0
0
0
0
0
0
0
0
0
0
0
0
0
0
0
0
0
0
0
0
0
0
0
0
0
0
0
0
0
0
0
0
0
0
0
0
0
0
0
0
0
0
0
0
0
0
0
0
0
0
0
0
0
0
0
0
0
0
0
0
0
0
0
0
