int
0
0
0
0
0
0
0
0
1044
1541
1026
1607
0
0
0
0
0
1040
0
1537
1050
1603
0
0
0
1074
1036
0
0
1573
1078
1815
1066
1614
1610
1032
1582
1578
1550
1569
1546
1070
1062
1058
1028
1054
3859
0
1055
1032
1815
1609
1028
1582
1811
1024
1549
1607
1076
1578
1603
1072
1545
1575
1614
1571
1543
1539
1071
1067
1063
1059
1051
1047
1043
3087
1600
1572
1568
1548
1540
1536
1068
1064
1060
1056
1048
1044
1040
1036
1077
1578
1583
1073
1055
1610
1033
1547
1026
1029
1615
1815
1811
3655
1600
1572
1568
1544
1540
1536
1068
1064
1060
1056
1048
1044
1040
1036
1077
1582
1579
1073
1551
1614
1033
1055
1026
1029
1611
1815
1811
3655
1600
1580
1572
1568
1540
1536
1068
1064
1060
1056
1048
1044
1040
1036
1077
1610
1031
1613
1551
1546
1073
1055
1026
1033
1579
1815
1811
3655
0
1579
1815
1032
1613
1610
1076
1811
1029
1072
1574
1544
1025
1052
1046
1607
1541
1603
1583
1571
1551
1539
1071
1067
1063
1059
1051
1043
3087
1815
1811
1607
1603
1583
1572
1537
1046
1571
1547
1543
1032
1025
1030
1071
1067
1063
1548
1053
1614
1076
1059
1051
1072
1577
1610
1043
3087
1600
1576
1572
1568
1540
1536
1068
1064
1060
1056
1048
1044
1040
1036
1077
1614
1031
1609
1547
1550
1073
1583
1026
1033
1055
1815
1811
3655
1815
1811
1607
1603
1579
1032
1029
1546
1575
1551
1539
1568
1025
1542
1071
1067
1063
1044
1581
1614
1076
1059
1051
1072
1053
1610
1043
3087
0
1551
1815
1536
1609
1614
1076
1811
1029
1072
1046
1052
1025
1580
1570
1607
1033
1603
1579
1575
1547
1543
1071
1067
1063
1059
1051
1043
3087
1604
1600
1572
1568
1540
1536
1068
1064
1060
1056
1048
1044
1040
1036
1077
1578
1027
1073
1611
1546
1033
1551
1582
1029
1055
1815
1811
3663
1815
1811
1048
1581
1615
1076
1578
1029
1604
1603
1608
1073
1544
1026
1052
1541
1575
1034
1571
1551
1539
1071
1067
1063
1059
1047
1043
3087
1811
1615
1603
1575
1571
1024
1605
1550
1547
1543
1071
1032
1537
1054
1067
1063
1028
1059
1581
1076
1050
1047
1072
1812
1577
1043
1610
3087
1811
1615
1076
1049
1546
1072
1603
1605
1548
1026
1608
1045
1576
1574
1052
1812
1029
1034
1583
1571
1543
1539
1071
1067
1063
1059
1043
3087
1583
1571
1072
1551
1605
1076
1574
1544
1539
1576
1541
1064
1034
1608
1071
1052
1812
1808
1612
1600
1029
1050
1063
1059
1043
1025
1046
3087
0
0
1079
0
0
1075
1572
1605
1034
1067
1815
1811
1615
1028
1049
1538
1603
1583
1571
1547
1548
1045
1054
1543
1071
1063
1059
1024
1577
1610
1043
3087
0
0
1079
0
0
1028
1605
1026
1075
1815
1811
1568
1049
1034
1615
1603
1579
1548
1581
1054
1575
1543
1539
1544
1045
1610
1071
1067
1063
1059
1043
3087
0
0
1079
0
0
1075
1028
1605
1542
1067
1815
1811
1615
1568
1049
1034
1603
1579
1575
1551
1024
1581
1054
1539
1071
1063
1059
1544
1045
1610
1043
3087
0
0
1079
0
0
1075
1028
1605
1034
1067
1815
1811
1615
1568
1049
1538
1603
1579
1575
1547
1548
1581
1054
1543
1071
1063
1059
1024
1045
1610
1043
3087
1604
1600
1572
1568
1540
1536
1068
1064
1060
1056
1048
1044
1040
1036
1077
1582
1027
1073
1055
1550
1033
1547
1578
1029
1615
1815
1811
3659
1811
1611
1607
1575
1571
1024
1049
1054
1551
1539
1071
1032
1601
1546
1067
1063
1028
1059
1581
1076
1614
1047
1072
1812
1577
1043
1542
3087
1815
1811
1536
1577
1611
1076
1582
1029
1072
1607
1548
1601
1052
1026
1612
1049
1575
1034
1571
1547
1543
1071
1067
1063
1059
1047
1043
3087
0
0
1079
0
0
1572
1049
1026
1075
1815
1811
1028
1601
1034
1611
1607
1583
1548
1045
1614
1571
1543
1539
1544
1577
1054
1071
1067
1063
1059
1043
3087
0
0
1079
0
0
1075
1572
1049
1542
1067
1815
1811
1611
1028
1601
1034
1607
1583
1571
1551
1024
1045
1614
1539
1071
1063
1059
1544
1577
1054
1043
3087
0
0
1079
0
0
1075
1572
1049
1034
1067
1815
1811
1611
1028
1601
1538
1607
1583
1571
1547
1548
1045
1614
1543
1071
1063
1059
1024
1577
1054
1043
3087
1811
1611
1076
1049
1550
1072
1607
1045
1544
1026
1580
1601
1052
1034
1612
1812
1029
1570
1579
1575
1543
1539
1071
1067
1063
1059
1043
3087
0
0
1079
0
0
1075
1028
1049
1542
1067
1815
1811
1611
1568
1601
1034
1607
1579
1575
1551
1024
1581
1614
1539
1071
1063
1059
1544
1045
1054
1043
3087
1579
1575
1072
1547
1029
1076
1034
1580
1543
1052
1601
1612
1570
1064
1071
1548
1812
1808
1608
1604
1537
1050
1063
1059
1043
1025
1046
3087
0
0
0
0
1075
0
1036
0
1581
1550
1079
0
1055
1032
1607
1603
1575
1577
1546
1571
1024
1543
1539
1071
1067
1814
1613
1040
1063
1059
1051
1047
1810
1028
0
3657
0
0
0
0
1075
0
1040
1809
1578
1079
0
1055
1612
1547
1037
1607
1610
1603
1580
1575
1571
1033
1551
1814
1028
1543
1539
1071
1025
1067
1063
1059
1051
3095
0
0
0
0
1075
0
1040
1809
1614
1079
0
1551
1608
1055
1037
1607
1582
1603
1576
1575
1571
1033
1547
1814
1028
1543
1539
1071
1025
1067
1063
1059
1051
3095
0
0
0
0
1075
0
1040
1809
1610
1079
0
1055
0
1036
1613
1579
1546
1607
1603
1548
1583
1033
1575
1814
1571
1028
1543
1539
1025
1071
1067
1063
1059
1051
3095
0
0
0
0
1075
0
0
1572
1541
1814
1079
0
1579
0
1547
1044
1033
1810
1055
1607
1603
1583
1571
1040
1029
1038
1551
1539
1071
1612
1067
1063
1025
1610
1059
3099
0
0
0
0
0
0
0
0
0
1612
1609
1814
1811
0
0
0
0
0
0
1036
1577
1046
1043
0
0
0
0
0
0
1548
1029
1574
1035
0
0
1073
1581
1069
1049
1024
1600
1540
1056
1054
1539
1607
1547
1078
1570
1066
3111
0
0
0
0
1075
0
1040
1809
1614
1079
0
1583
0
1036
1609
1055
1550
1607
1603
1544
1579
1033
1575
1814
1571
1028
1543
1539
1025
1071
1067
1063
1059
1051
3095
0
0
0
0
0
0
0
0
0
1612
1609
1814
1811
0
0
0
0
0
0
1580
1037
1046
1043
0
0
0
0
0
0
1028
1545
1034
1571
0
0
1073
1577
1069
1049
1024
1600
1536
1056
1542
1055
1607
1551
1078
1574
1066
3111
0
0
0
0
1075
0
0
1044
1033
1814
1079
0
1551
0
1055
1568
1537
1810
1583
1607
1603
1579
1575
1040
1029
1614
1547
1543
1071
1608
1067
1063
1025
1038
1059
3099
0
0
0
0
1075
0
1032
1809
1546
1079
0
1055
0
1580
1041
1611
1615
1578
1607
1603
1024
1549
1575
1571
1814
1543
1028
1539
1037
1071
1067
1063
1059
1051
3095
0
0
0
0
1075
0
0
1048
1033
1578
1079
0
1055
0
1611
1024
1605
1814
1547
1615
1603
1575
1571
1040
1029
1810
1551
1539
1071
1067
1063
1036
1581
1542
1059
3095
0
0
0
0
0
0
0
0
1548
1049
1606
1815
0
0
0
0
0
1608
0
1025
1030
1811
0
0
0
0
1052
0
0
1041
1582
1072
1035
0
0
1076
1612
1600
1572
1568
1544
1540
1068
1064
1060
1056
1044
1037
1578
3587
0
0
0
0
0
0
1551
1040
1025
1546
0
1075
0
0
0
1572
1605
1814
1079
0
1055
0
1611
1036
1049
1810
1579
1615
1603
1583
1571
1032
1045
1030
1543
1539
1071
1067
1063
3107
0
0
0
0
1075
0
0
0
1572
1605
1814
1079
0
1067
0
1611
0
1036
1049
1810
1055
0
1547
0
1579
1615
1032
1045
1542
1603
1583
1571
1551
1539
1071
1028
1041
1026
1063
3107
0
0
0
0
0
0
0
0
0
0
1548
1033
1814
1043
0
0
0
0
1075
0
0
1052
1029
1810
1079
0
1067
1615
1603
1583
1571
1547
1048
1577
1038
1543
1071
1063
1059
0
0
0
0
1536
1573
1610
0
0
0
0
0
0
0
0
1044
1025
3654
0
0
0
0
0
0
0
1811
0
1548
1033
1814
1075
0
0
0
1079
1615
1603
1544
1581
1042
1579
1575
1543
1539
1071
1067
1063
1052
1029
1038
1059
0
0
0
0
0
0
1048
1025
1610
0
0
0
0
0
0
0
1044
1569
3654
0
0
0
0
0
0
0
0
0
0
1052
1033
1814
1043
0
0
0
0
1075
0
0
1544
1581
1810
1079
0
1067
1615
1603
1579
1575
1551
1540
1029
1038
1539
1071
1063
1059
0
0
0
0
1048
1025
1610
0
0
0
0
0
0
0
0
1044
1569
3654
0
0
0
0
0
0
0
0
1583
0
1032
1049
1814
1075
0
0
0
1079
0
1067
1615
1028
1045
1810
1603
1579
1575
1547
1543
1071
1548
1063
1059
1041
1026
0
0
0
0
1608
0
0
0
0
1037
1538
0
0
1052
0
0
0
0
0
0
1569
3654
0
0
0
0
1075
0
1036
1809
1582
1079
0
1615
0
1576
1033
1055
1550
1611
1607
1544
1603
1025
1575
1814
1571
1028
1543
1539
1041
1071
1067
1063
1059
1051
3095
0
0
0
0
0
0
0
0
1052
1037
1042
1815
0
0
0
0
0
1544
0
1033
1602
1811
0
0
0
1028
0
0
0
1049
1072
1582
1027
0
1076
1608
1604
1572
1568
1548
1536
1068
1064
1060
1056
1044
1613
1578
3591
0
0
0
0
1075
0
0
1048
1537
1582
1079
0
1615
0
1551
1024
1029
1814
1055
1611
1607
1575
1571
1040
1601
1810
1547
1543
1071
1067
1063
1036
1577
1034
1059
3095
0
0
0
0
0
0
0
1811
0
1548
1601
1814
1075
0
0
0
1079
1611
1607
1544
1029
1042
1583
1571
1543
1539
1071
1067
1063
1052
1577
1614
1059
0
0
0
0
0
0
1048
1573
1038
0
0
0
0
0
0
0
1044
1025
3082
0
0
0
0
0
0
0
0
1055
0
1032
1601
1814
1075
0
0
0
1079
0
1067
1611
1028
1045
1810
1607
1583
1571
1551
1539
1071
1612
1063
1059
1041
1542
0
0
0
0
1576
0
0
0
0
1573
1026
0
0
1544
0
0
0
0
0
0
1037
3098
0
0
0
0
0
0
0
0
0
0
1548
1601
1814
1043
0
0
0
0
1075
0
0
1052
1029
1810
1079
0
1067
1611
1607
1583
1571
1547
1048
1577
1614
1543
1071
1063
1059
0
0
0
0
1536
1573
1038
0
0
0
0
0
0
0
0
1044
1025
3082
0
0
0
0
0
0
1547
1040
1025
1550
0
1075
0
0
0
1036
1049
1814
1079
0
1615
0
1583
1568
1601
1810
1055
1611
1607
1579
1575
1032
1045
1030
1543
1539
1071
1067
1063
3107
0
0
0
0
0
0
0
0
0
0
1052
1601
1814
1043
0
0
0
0
1075
0
0
1544
1581
1810
1079
0
1067
1611
1607
1579
1575
1551
1540
1029
1614
1539
1071
1063
1059
0
0
0
0
1048
1025
1038
0
0
0
0
0
0
0
0
1044
1569
3082
0
0
0
0
1075
0
0
0
1036
1049
1814
1079
0
1615
0
1067
0
1568
1601
1810
1551
0
1583
0
1055
1611
1032
1045
1026
1607
1579
1575
1547
1543
1071
1028
1041
1538
1063
3107
0
0
0
0
0
0
0
0
0
0
0
0
0
0
0
0
0
0
0
0
0
0
0
0
0
0
0
0
0
0
0
0
0
0
0
0
0
0
0
0
0
0
0
0
0
0
0
0
0
0
0
0
0
0
0
0
0
0
0
0
0
0
0
0
0
0
0
0
0
0
0
0
0
0
0
0
0
0
0
0
0
0
0
0
0
0
0
0
0
0
0
0
0
0
0
0
0
0
0
0
0
0
0
0
0
0
0
0
0
0
0
0
0
0
0
0
0
0
0
0
0
0
0
0
0
0
0
0
0
0
0
0
0
0
0
0
0
0
0
0
0
0
0
0
0
0
0
0
0
0
0
0
0
0
0
0
0
0
0
0
0
0
0
0
0
0
0
0
0
0
0
0
0
0
0
0
0
0
0
0
0
0
0
0
0
0
0
0
0
0
0
0
0
0
0
0
0
0
0
0
0
0
0
0
0
0
0
0
0
0
0
0
0
0
0
0
0
0
0
0
0
0
0
0
0
0
0
0
0
0
0
0
0
0
0
0
0
0
0
0
0
0
0
0
0
0
0
0
0
0
0
0
0
0
0
0
0
0
0
0
0
0
0
0
0
0
0
0
0
0
0
0
0
0
0
0
0
0
0
0
0
0
0
0
0
0
0
0
0
0
0
0
0
0
0
0
0
0
0
0
0
0
0
0
0
0
0
0
0
0
0
0
0
0
0
0
0
0
0
0
0
0
0
0
0
0
0
0
0
0
0
0
0
0
0
0
0
0
0
0
0
0
0
0
0
0
0
0
0
0
0
0
0
0
0
0
0
0
0
0
0
0
0
0
0
0
0
0
0
0
0
0
0
0
0
0
0
0
0
0
0
0
0
0
0
0
0
0
0
0
0
0
0
0
0
0
0
0
0
0
0
0
0
0
0
0
0
0
0
0
0
0
0
0
0
0
0
0
0
0
0
0
0
0
0
0
0
0
0
0
0
0
0
0
0
0
0
0
0
0
0
0
0
0
0
0
0
0
0
0
0
0
0
0
0
0
0
0
0
0
0
0
0
0
0
0
0
0
0
0
0
0
0
0
0
0
0
0
0
0
0
0
0
0
0
0
0
0
0
0
0
0
0
0
0
0
0
0
0
0
0
0
0
0
0
0
0
0
0
0
0
0
0
0
0
0
0
0
0
0
0
0
0
0
0
0
0
0
0
0
0
0
0
0
0
0
0
0
0
0
0
0
0
0
0
0
0
0
0
0
0
0
0
0
0
0
0
0
0
0
0
0
0
0
0
0
0
0
0
0
0
0
0
0
0
0
0
0
0
0
0
0
0
0
0
0
0
0
0
0
0
0
0
0
0
0
0
0
0
0
0
0
0
0
0
0
0
0
0
0
0
0
0
0
0
0
0
0
0
0
0
0
0
0
0
0
0
0
0
0
0
0
0
0
0
0
0
0
0
0
0
0
0
0
0
0
0
0
0
0
0
0
0
0
0
0
0
0
0
0
0
0
0
0
0
0
0
0
0
0
0
0
0
0
0
0
0
0
0
0
0
0
0
0
0
0
0
0
0
0
0
0
0
0
0
0
0
0
0
0
0
0
0
0
0
0
0
0
0
0
0
0
0
0
0
0
0
0
0
0
0
0
0
0
0
0
0
0
0
0
0
0
0
0
0
0
0
0
0
0
0
0
0
0
0
0
0
0
0
0
0
0
0
0
0
0
0
0
0
0
0
0
0
0
0
0
0
0
0
0
0
0
0
0
0
0
0
0
0
0
0
0
0
0
0
0
0
0
0
0
0
0
0
0
0
0
0
0
0
0
0
0
0
0
0
0
0
0
0
0
0
0
0
0
0
0
0
0
0
0
0
0
0
0
0
0
0
0
0
0
0
0
0
0
0
0
0
0
0
0
0
0
0
0
0
0
0
0
0
0
0
0
0
0
0
0
0
0
0
0
0
0
0
0
0
0
0
0
0
0
0
0
0
0
0
0
0
0
0
0
0
0
0
0
0
0
0
0
0
0
0
0
0
0
0
0
0
0
0
0
0
0
0
0
0
0
0
0
0
0
0
0
0
0
0
0
0
0
0
0
0
0
0
0
0
0
0
0
0
0
0
0
0
0
0
0
0
0
0
0
0
0
0
0
0
0
0
0
0
0
0
0
0
0
0
0
0
0
0
0
0
0
0
0
0
0
0
0
0
0
0
0
0
0
0
0
0
0
0
0
0
0
0
0
0
0
0
0
0
0
0
0
0
0
0
0
0
0
0
0
0
0
0
0
0
0
0
0
0
0
0
0
0
0
0
0
0
0
0
0
0
0
0
0
0
0
0
0
0
0
0
0
0
0
0
0
0
0
0
0
0
0
0
0
0
0
0
0
0
0
0
0
0
0
0
0
0
0
0
0
0
0
0
0
0
0
0
0
0
0
0
0
0
0
0
0
0
0
0
0
0
0
0
0
0
0
0
0
0
0
0
0
0
0
0
0
0
0
0
0
0
0
0
0
0
0
0
0
0
0
0
0
0
0
0
0
0
0
0
0
0
0
0
0
0
0
0
0
0
0
0
0
0
0
0
0
0
0
0
0
0
0
0
0
0
0
0
0
0
0
0
0
0
0
0
0
0
0
0
0
0
0
0
0
0
0
0
0
0
0
0
0
0
0
0
0
0
0
0
0
0
0
0
0
0
0
0
0
0
0
0
0
0
0
0
0
0
0
0
0
0
0
0
0
0
0
0
0
0
0
0
0
0
0
0
0
0
0
0
0
0
0
0
0
0
0
0
0
0
0
0
0
0
0
0
0
0
0
0
0
0
0
0
0
0
0
0
0
0
0
0
0
0
0
0
0
0
0
0
0
0
0
0
0
0
0
0
0
0
0
0
0
0
0
0
0
0
0
0
0
0
0
0
0
0
0
0
0
0
0
0
0
0
0
0
0
0
0
0
0
0
0
0
0
0
0
0
0
0
0
0
0
0
0
0
0
0
0
0
0
0
0
0
0
0
0
0
0
0
0
0
0
0
0
0
0
0
0
0
0
0
0
0
0
0
0
0
0
0
0
0
0
0
0
0
0
0
0
0
0
0
0
0
0
0
0
0
0
0
0
0
0
0
0
0
0
0
0
0
0
0
0
0
0
0
0
0
0
0
0
0
0
0
0
0
0
0
0
0
0
0
0
0
0
0
0
0
0
0
0
0
0
0
0
0
0
0
0
0
0
0
0
0
0
0
0
0
0
0
0
0
0
0
0
0
0
0
0
0
0
0
0
0
0
0
0
0
0
0
0
0
0
0
0
0
0
0
0
0
0
0
0
0
0
0
0
0
0
0
0
0
0
0
0
0
0
0
0
0
0
0
0
0
0
0
0
0
0
0
0
0
0
0
0
0
0
0
0
0
0
0
0
0
0
0
0
0
0
0
0
0
0
0
0
0
0
0
0
0
0
0
0
0
0
0
0
0
0
0
0
0
0
0
0
0
0
0
0
0
0
0
0
0
0
0
0
0
0
0
0
0
0
0
0
0
0
0
0
0
0
0
0
0
0
0
0
0
0
0
0
0
0
0
0
0
0
0
0
0
0
0
0
0
0
0
0
0
0
0
0
0
0
0
0
0
0
0
0
0
0
0
0
0
0
0
0
0
0
0
0
0
0
0
0
0
0
0
0
0
0
0
0
0
0
0
0
0
0
0
0
0
0
0
0
0
0
0
0
0
0
0
0
0
0
0
0
0
0
0
0
0
0
0
0
0
0
0
0
0
0
0
0
0
0
0
0
0
0
0
0
0
0
0
0
0
0
0
0
0
0
0
0
0
0
0
0
0
0
0
0
0
0
0
0
0
0
0
0
0
0
0
0
0
0
0
0
0
0
0
0
0
0
0
0
0
0
0
0
0
0
0
0
0
0
0
0
0
0
0
0
0
0
0
0
0
0
0
0
0
0
0
0
0
0
0
0
0
0
0
0
0
0
0
0
0
0
0
0
0
0
0
0
0
0
0
0
0
0
0
0
0
0
0
0
0
0
0
0
0
0
0
0
0
0
0
0
0
0
0
0
0
0
0
0
0
0
0
0
0
0
0
0
0
0
0
0
0
0
0
0
0
0
0
0
0
0
0
0
0
0
0
0
0
0
0
0
0
0
0
0
0
0
0
0
0
0
0
0
0
0
0
0
0
0
0
0
0
0
0
0
0
0
0
0
0
0
0
0
0
0
0
0
0
0
0
0
0
0
0
0
0
0
0
0
0
0
0
0
0
0
0
0
0
0
0
0
0
0
0
0
0
0
0
0
0
0
0
0
0
0
0
0
0
0
0
0
0
0
0
0
0
0
0
0
0
0
0
0
0
0
0
0
0
0
0
0
0
0
0
0
0
0
0
0
0
0
0
0
0
0
0
0
0
0
0
0
0
0
0
0
0
0
0
0
0
0
0
0
0
0
0
0
0
0
0
0
0
0
0
0
0
0
0
0
0
0
0
0
0
0
0
0
0
0
0
0
0
0
0
0
0
0
0
0
0
0
0
0
0
0
0
0
0
0
0
0
0
0
0
0
0
0
0
0
0
0
0
0
0
0
0
0
0
0
0
0
0
0
0
0
0
0
0
0
0
0
0
0
0
0
0
0
0
0
0
0
0
0
0
0
0
0
0
0
0
0
0
0
0
0
0
0
0
