int
0
1
2
3
356
452
453
0
1
2
356
452
453
0
1
356
452
453
0
0
0
0
0
0
0
0
1
2
3
356
452
453
3
356
452
453
3
356
452
453
0
0
0
0
0
0
0
0
3
356
452
453
0
1
2
3
4
356
452
3
356
0
0
0
0
0
0
0
0
0
3
356
452
453
0
1
2
3
4
356
452
3
356
0
0
0
0
0
0
0
0
0
3
356
452
453
0
1
2
3
4
356
453
3
356
0
0
0
0
0
0
0
0
0
1
2
3
4
5
6
7
452
453
3
356
452
453
0
452
453
0
0
0
0
0
0
1
2
3
356
452
453
0
3
356
452
453
0
3
356
452
453
0
0
0
0
0
0
3
356
452
453
0
1
2
3
4
356
453
3
356
0
0
0
0
0
0
0
0
0
1
2
3
356
452
453
0
3
356
452
453
0
3
356
452
453
0
0
0
0
0
0
1
2
3
4
5
6
356
452
453
0
2
452
453
0
452
453
0
0
0
0
0
0
1
2
3
4
5
6
7
8
9
10
356
452
3
356
453
3
356
0
0
0
0
0
1
2
3
4
5
356
452
453
0
1
2
452
1
452
0
0
0
0
0
0
0
0
1
3
356
452
453
1
3
356
452
453
0
1
2
3
356
452
0
0
0
0
0
0
1
2
3
4
5
6
7
8
9
10
11
12
356
1
453
3
356
1
453
3
356
0
1
2
3
4
5
6
7
8
9
452
453
0
1
452
453
0
1
452
453
1
452
453
0
1
2
3
4
356
452
453
0
1
3
356
452
453
0
1
3
356
452
453
0
0
0
0
0
0
0
0
0
1
3
356
452
453
1
3
356
452
453
0
1
3
356
453
0
0
0
0
0
0
0
1
2
3
356
452
453
0
1
3
356
452
453
0
1
3
356
452
453
0
0
0
0
0
0
0
0
0
1
2
3
356
452
453
0
1
3
356
452
453
0
1
2
0
1
2
0
1
0
0
0
0
0
0
2
0
0
1
2
3
4
5
6
7
8
9
10
356
453
3
356
452
3
356
0
0
0
0
0
1
3
356
452
453
1
3
356
452
453
0
1
2
3
356
452
0
0
0
0
0
0
1
2
3
4
5
356
452
453
0
1
2
452
1
452
0
0
0
0
0
0
0
0
1
3
356
452
453
1
3
356
452
453
0
1
3
356
453
0
0
0
0
0
0
0
1
2
3
356
452
453
0
1
3
356
452
453
0
1
2
0
1
2
0
1
0
0
0
0
0
0
2
0
0
1
2
3
356
452
453
0
1
3
356
452
453
0
1
3
356
452
453
0
0
0
0
0
0
0
0
0
1
2
3
4
5
6
7
8
9
10
11
452
453
3
356
1
453
3
356
1
453
0
1
2
3
4
356
452
453
0
1
3
356
452
453
0
1
3
356
452
453
0
0
0
0
0
0
0
0
0
1
2
3
4
5
6
7
8
9
452
453
0
1
452
453
0
1
452
453
0
452
453
