int
0
0
0
0
0
0
0
0
1044
1541
1026
1607
0
0
0
0
0
1040
0
1537
1050
1603
0
0
0
1074
1036
0
0
1573
1078
1815
1066
1614
1610
1032
1582
1578
1550
1569
1546
1070
1062
1058
1028
1054
3859
0
1055
1032
1815
1609
1028
1582
1811
1024
1549
1607
1076
1578
1603
1072
1545
1575
1614
1571
1543
1539
1071
1067
1063
1059
1051
1047
1043
3087
1600
1572
1568
1548
1540
1536
1068
1064
1060
1056
1048
1044
1040
1036
1077
1610
1031
1613
1547
1578
1073
1583
1026
1033
1055
1815
1811
3655
1600
1572
1568
1544
1540
1536
1068
1064
1060
1056
1048
1044
1040
1036
1077
1614
1031
1609
1055
1582
1073
1579
1026
1033
1551
1815
1811
3655
1600
1580
1572
1568
1540
1536
1068
1064
1060
1056
1048
1044
1040
1036
1077
1610
1031
1613
1551
1546
1073
1055
1026
1033
1579
1815
1811
3655
0
1579
1815
1032
1613
1610
1076
1811
1029
1072
1574
1544
1025
1052
1046
1607
1541
1603
1583
1571
1551
1539
1071
1067
1063
1059
1051
1043
3087
1815
1811
1607
1603
1583
1572
1537
1046
1571
1547
1543
1032
1025
1030
1071
1067
1063
1548
1053
1614
1076
1059
1051
1072
1577
1610
1043
3087
1600
1576
1572
1568
1540
1536
1068
1064
1060
1056
1048
1044
1040
1036
1077
1614
1031
1609
1547
1550
1073
1583
1026
1033
1055
1815
1811
3655
1815
1811
1607
1603
1579
1032
1029
1546
1575
1551
1539
1568
1025
1542
1071
1067
1063
1044
1581
1614
1076
1059
1051
1072
1053
1610
1043
3087
0
1551
1815
1536
1609
1614
1076
1811
1029
1072
1046
1052
1025
1580
1570
1607
1033
1603
1579
1575
1547
1543
1071
1067
1063
1059
1051
1043
3087
1571
1543
1580
1033
1052
1546
1608
1812
1808
1612
1604
1600
1572
1549
1578
1539
1029
1074
1071
1025
1067
1063
1077
1059
1051
1047
1043
3087
0
1055
1815
1580
1029
1578
1076
1811
1025
1072
1050
1608
1605
1544
1034
1615
1541
1603
1575
1571
1551
1539
1071
1067
1063
1059
1047
1043
3087
1811
1615
1603
1575
1571
1024
1605
1550
1547
1543
1071
1032
1537
1054
1067
1063
1028
1059
1581
1076
1050
1047
1072
1812
1577
1043
1610
3087
1583
1571
1604
1025
1543
1044
1049
1608
1546
1576
1077
1052
1812
1808
1612
1600
1573
1034
1539
1073
1071
1030
1067
1063
1059
1550
1043
3087
1583
1571
1072
1551
1605
1076
1574
1544
1539
1576
1541
1064
1034
1608
1071
1052
1812
1808
1612
1600
1029
1050
1063
1059
1043
1025
1046
3087
0
0
1079
0
0
1075
1572
1605
1034
1067
1815
1811
1615
1028
1049
1538
1603
1583
1571
1547
1548
1045
1054
1543
1071
1063
1059
1024
1577
1610
1043
3087
0
0
1079
0
1604
1025
1030
1075
1815
1048
1569
1811
1034
1615
1580
1053
1603
1579
1550
1044
1609
1575
1543
1539
1546
1071
1067
1063
1059
1043
3087
0
0
1079
0
0
1075
1028
1605
1542
1067
1815
1811
1615
1568
1049
1034
1603
1579
1575
1551
1024
1581
1054
1539
1071
1063
1059
1544
1045
1610
1043
3087
0
0
1075
0
1067
1052
1605
1034
1815
1811
1615
1580
1603
1029
1570
1579
1575
1548
1547
1543
1537
1050
1071
1608
1063
1059
1076
1025
1046
1043
3087
1571
1543
1576
1033
1612
1582
1052
1812
1808
1608
1604
1600
1572
1545
1550
1539
1029
1074
1071
1025
1067
1063
1077
1059
1051
1047
1043
3087
1811
1611
1607
1575
1571
1024
1049
1054
1551
1539
1071
1032
1601
1546
1067
1063
1028
1059
1581
1076
1614
1047
1072
1812
1577
1043
1542
3087
0
1615
1815
1576
1029
1582
1076
1811
1025
1072
1538
1548
1049
1052
1034
1611
1601
1607
1575
1571
1547
1543
1071
1067
1063
1059
1047
1043
3087
0
0
1079
0
1048
1573
1030
1075
1815
1600
1025
1811
1034
1611
1044
1613
1607
1583
1550
1576
1053
1571
1543
1539
1546
1071
1067
1063
1059
1043
3087
0
0
1075
0
1067
1544
1541
1574
1815
1811
1611
1052
1607
1601
1034
1583
1571
1612
1551
1539
1029
1050
1071
1576
1063
1059
1076
1025
1046
1043
3087
0
0
1079
0
0
1075
1572
1049
1034
1067
1815
1811
1611
1028
1601
1538
1607
1583
1571
1547
1548
1045
1614
1543
1071
1063
1059
1024
1577
1054
1043
3087
1579
1575
1044
1025
1543
1600
1049
1580
1550
1052
1077
1612
1812
1808
1608
1604
1073
1034
1539
1569
1071
1030
1067
1063
1059
1546
1043
3087
0
0
1079
0
0
1075
1028
1049
1542
1067
1815
1811
1611
1568
1601
1034
1607
1579
1575
1551
1024
1581
1614
1539
1071
1063
1059
1544
1045
1054
1043
3087
1579
1575
1072
1547
1029
1076
1034
1580
1543
1052
1601
1612
1570
1064
1071
1548
1812
1808
1608
1604
1537
1050
1063
1059
1043
1025
1046
3087
0
0
0
0
1075
0
1040
0
1581
1550
1079
0
1055
1036
1607
1603
1575
1577
1546
1571
1032
1543
1539
1071
1067
1814
1613
1028
1063
1059
1051
1047
1810
0
1024
3657
0
0
0
0
1075
0
1024
1809
1610
1079
0
1055
0
1040
1613
1547
1578
1607
1603
1575
1036
1033
1571
1814
1551
1543
1580
1539
1029
1071
1067
1063
1059
1051
3095
0
0
0
0
1075
0
1024
1809
1614
1079
0
1551
0
1040
1609
1055
1582
1607
1603
1575
1036
1033
1571
1814
1547
1543
1576
1539
1029
1071
1067
1063
1059
1051
3095
0
0
0
0
1075
0
1024
1809
1610
1079
0
1055
0
1040
1613
1579
1546
1607
1603
1583
1036
1033
1575
1814
1571
1543
1548
1539
1029
1071
1067
1063
1059
1051
3095
0
0
0
0
1075
0
0
1572
1541
1610
1079
0
1579
0
1547
1044
1033
1814
1055
1607
1603
1583
1571
1040
1029
1810
1551
1539
1071
1067
1612
1063
1025
1038
1059
3099
0
0
0
0
0
0
0
0
0
1612
1609
1814
1811
0
0
0
0
0
0
1036
1577
1046
1043
0
0
0
0
0
0
1548
1029
1574
1035
0
0
1073
1581
1069
1049
1024
1600
1540
1056
1054
1539
1607
1547
1078
1570
1066
3111
0
0
0
0
1075
0
1024
1809
1614
1079
0
1583
0
1040
1609
1055
1550
1607
1603
1579
1036
1033
1575
1814
1571
1543
1544
1539
1029
1071
1067
1063
1059
1051
3095
0
0
0
0
0
0
0
0
0
1612
1609
1814
1811
0
0
0
0
0
0
1580
1037
1046
1043
0
0
0
0
0
0
1028
1545
1034
1571
0
0
1073
1577
1069
1049
1024
1600
1536
1056
1542
1055
1607
1551
1078
1574
1066
3111
0
0
0
0
1075
0
0
1044
1033
1614
1079
0
1551
0
1055
1568
1537
1814
1583
1607
1603
1579
1575
1040
1029
1810
1547
1543
1071
1067
1608
1063
1025
1038
1059
3099
0
0
0
0
1075
0
1036
1809
1546
1079
0
1055
0
1580
1549
1611
1615
1578
1607
1603
1032
1025
1575
1571
1814
1543
1539
1028
1041
1071
1067
1063
1059
1051
3095
0
0
0
0
1075
0
0
1048
1033
1578
1079
0
1055
0
1611
1024
1605
1814
1547
1615
1603
1575
1571
1040
1029
1810
1551
1539
1071
1067
1063
1036
1581
1542
1059
3095
0
0
0
0
0
0
0
0
1608
1037
1606
1815
0
0
0
0
0
1548
0
1033
1538
1811
0
0
0
0
1052
0
0
1049
1582
1072
1027
0
0
1076
1612
1600
1572
1568
1544
1540
1068
1064
1060
1056
1044
1029
1578
3091
0
0
0
0
0
0
1575
1036
1029
1546
0
1075
0
0
1048
1079
1549
1814
1055
0
1611
1044
1579
1615
1025
1810
1603
1583
1604
1571
1543
1539
1041
1034
1071
1067
1063
3107
0
0
0
0
1075
0
0
0
1572
1605
1814
1079
0
1067
0
1611
0
1036
1049
1810
1055
0
1547
0
1579
1615
1032
1045
1542
1603
1583
1571
1551
1539
1071
1028
1041
1026
1063
3107
0
0
0
0
0
0
0
0
0
0
1548
1033
1814
1043
0
0
0
0
1075
0
0
1052
1029
1810
1079
0
1067
1615
1603
1583
1571
1547
1048
1577
1038
1543
1071
1063
1059
0
0
0
0
1536
1573
1610
0
0
0
0
0
0
0
0
1044
1025
3654
0
0
0
0
0
0
0
0
1811
1548
1033
1814
0
1075
0
0
0
1079
1615
1544
1581
1042
1603
1579
1575
1543
1539
1071
1067
1052
1029
1038
1063
1059
0
0
0
0
0
1048
1025
1610
0
0
0
0
0
0
0
1044
1569
3654
0
0
0
0
0
0
0
0
0
0
1052
1033
1814
1043
0
0
0
0
1075
0
0
1544
1581
1810
1079
0
1067
1615
1603
1579
1575
1551
1540
1029
1038
1539
1071
1063
1059
0
0
0
0
1048
1025
1610
0
0
0
0
0
0
0
0
1044
1569
3654
0
0
0
0
0
0
0
0
0
0
1548
1033
1814
1043
0
0
0
0
1075
0
0
1052
1581
1810
1079
0
1067
1615
1603
1579
1575
1547
1048
1029
1038
1543
1071
1063
1059
0
0
0
0
1536
1025
1610
0
0
0
0
0
0
0
0
1044
1569
3654
0
0
0
0
1075
0
1036
1809
1582
1079
0
1615
0
1576
1545
1055
1611
1550
1607
1603
1032
1025
1575
1571
1814
1543
1539
1028
1041
1071
1067
1063
1059
1051
3095
0
0
0
0
0
0
0
0
1028
1037
1042
1815
0
0
0
0
0
1052
0
1033
1602
1811
0
0
0
0
1544
0
0
1049
1582
1072
1027
0
0
1076
1608
1604
1572
1568
1548
1536
1068
1064
1060
1056
1044
1613
1578
3591
0
0
0
0
1075
0
0
1048
1537
1582
1079
0
1615
0
1551
1024
1029
1814
1055
1611
1607
1575
1571
1040
1601
1810
1547
1543
1071
1067
1063
1036
1577
1034
1059
3095
0
0
0
0
0
0
0
0
1811
1548
1601
1814
0
1075
0
0
0
1079
1611
1544
1029
1042
1607
1583
1571
1543
1539
1071
1067
1052
1577
1614
1063
1059
0
0
0
0
0
1048
1573
1038
0
0
0
0
0
0
0
1044
1025
3082
0
0
0
0
0
0
0
0
0
0
1052
1601
1814
1043
0
0
0
0
1075
0
0
1544
1029
1810
1079
0
1067
1611
1607
1583
1571
1551
1540
1577
1614
1539
1071
1063
1059
0
0
0
0
1048
1573
1038
0
0
0
0
0
0
0
0
1044
1025
3082
0
0
0
0
0
0
0
0
0
0
1548
1601
1814
1043
0
0
0
0
1075
0
0
1052
1029
1810
1079
0
1067
1611
1607
1583
1571
1547
1048
1577
1614
1543
1071
1063
1059
0
0
0
0
1536
1573
1038
0
0
0
0
0
0
0
0
1044
1025
3082
0
0
0
0
0
0
1603
1036
1029
1550
0
1075
0
0
1568
1079
1545
1814
1615
0
1583
1044
1055
1611
1025
1810
1607
1579
1048
1575
1543
1539
1041
1034
1071
1067
1063
3107
0
0
0
0
0
0
0
0
0
0
1052
1601
1814
1043
0
0
0
0
1075
0
0
1544
1581
1810
1079
0
1067
1611
1607
1579
1575
1551
1540
1029
1614
1539
1071
1063
1059
0
0
0
0
1048
1025
1038
0
0
0
0
0
0
0
0
1044
1569
3082
0
0
0
0
1075
0
0
0
1036
1049
1814
1079
0
1615
0
1067
0
1568
1601
1810
1551
0
1583
0
1055
1611
1032
1045
1026
1607
1579
1575
1547
1543
1071
1028
1041
1538
1063
3107
0
0
0
0
0
0
0
0
0
0
0
0
0
0
0
0
0
0
0
0
0
0
0
0
0
0
0
0
0
0
0
0
0
0
0
0
0
0
0
0
0
0
0
0
0
0
0
0
0
0
0
0
0
0
0
0
0
0
0
0
0
0
0
0
0
0
0
0
0
0
0
0
0
0
0
0
0
0
0
0
0
0
0
0
0
0
0
0
0
0
0
0
0
0
0
0
0
0
0
0
0
0
0
0
0
0
0
0
0
0
0
0
0
0
0
0
0
0
0
0
0
0
0
0
0
0
0
0
0
0
0
0
0
0
0
0
0
0
0
0
0
0
0
0
0
0
0
0
0
0
0
0
0
0
0
0
0
0
0
0
0
0
0
0
0
0
0
0
0
0
0
0
0
0
0
0
0
0
0
0
0
0
0
0
0
0
0
0
0
0
0
0
0
0
0
0
0
0
0
0
0
0
0
0
0
0
0
0
0
0
0
0
0
0
0
0
0
0
0
0
0
0
0
0
0
0
0
0
0
0
0
0
0
0
0
0
0
0
0
0
0
0
0
0
0
0
0
0
0
0
0
0
0
0
0
0
0
0
0
0
0
0
0
0
0
0
0
0
0
0
0
0
0
0
0
0
0
0
0
0
0
0
0
0
0
0
0
0
0
0
0
0
0
0
0
0
0
0
0
0
0
0
0
0
0
0
0
0
0
0
0
0
0
0
0
0
0
0
0
0
0
0
0
0
0
0
0
0
0
0
0
0
0
0
0
0
0
0
0
0
0
0
0
0
0
0
0
0
0
0
0
0
0
0
0
0
0
0
0
0
0
0
0
0
0
0
0
0
0
0
0
0
0
0
0
0
0
0
0
0
0
0
0
0
0
0
0
0
0
0
0
0
0
0
0
0
0
0
0
0
0
0
0
0
0
0
0
0
0
0
0
0
0
0
0
0
0
0
0
0
0
0
0
0
0
0
0
0
0
0
0
0
0
0
0
0
0
0
0
0
0
0
0
0
0
0
0
0
0
0
0
0
0
0
0
0
0
0
0
0
0
0
0
0
0
0
0
0
0
0
0
0
0
0
0
0
0
0
0
0
0
0
0
0
0
0
0
0
0
0
0
0
0
0
0
0
0
0
0
0
0
0
0
0
0
0
0
0
0
0
0
0
0
0
0
0
0
0
0
0
0
0
0
0
0
0
0
0
0
0
0
0
0
0
0
0
0
0
0
0
0
0
0
0
0
0
0
0
0
0
0
0
0
0
0
0
0
0
0
0
0
0
0
0
0
0
0
0
0
0
0
0
0
0
0
0
0
0
0
0
0
0
0
0
0
0
0
0
0
0
0
0
0
0
0
0
0
0
0
0
0
0
0
0
0
0
0
0
0
0
0
0
0
0
0
0
0
0
0
0
0
0
0
0
0
0
0
0
0
0
0
0
0
0
0
0
0
0
0
0
0
0
0
0
0
0
0
0
0
0
0
0
0
0
0
0
0
0
0
0
0
0
0
0
0
0
0
0
0
0
0
0
0
0
0
0
0
0
0
0
0
0
0
0
0
0
0
0
0
0
0
0
0
0
0
0
0
0
0
0
0
0
0
0
0
0
0
0
0
0
0
0
0
0
0
0
0
0
0
0
0
0
0
0
0
0
0
0
0
0
0
0
0
0
0
0
0
0
0
0
0
0
0
0
0
0
0
0
0
0
0
0
0
0
0
0
0
0
0
0
0
0
0
0
0
0
0
0
0
0
0
0
0
0
0
0
0
0
0
0
0
0
0
0
0
0
0
0
0
0
0
0
0
0
0
0
0
0
0
0
0
0
0
0
0
0
0
0
0
0
0
0
0
0
0
0
0
0
0
0
0
0
0
0
0
0
0
0
0
0
0
0
0
0
0
0
0
0
0
0
0
0
0
0
0
0
0
0
0
0
0
0
0
0
0
0
0
0
0
0
0
0
0
0
0
0
0
0
0
0
0
0
0
0
0
0
0
0
0
0
0
0
0
0
0
0
0
0
0
0
0
0
0
0
0
0
0
0
0
0
0
0
0
0
0
0
0
0
0
0
0
0
0
0
0
0
0
0
0
0
0
0
0
0
0
0
0
0
0
0
0
0
0
0
0
0
0
0
0
0
0
0
0
0
0
0
0
0
0
0
0
0
0
0
0
0
0
0
0
0
0
0
0
0
0
0
0
0
0
0
0
0
0
0
0
0
0
0
0
0
0
0
0
0
0
0
0
0
0
0
0
0
0
0
0
0
0
0
0
0
0
0
0
0
0
0
0
0
0
0
0
0
0
0
0
0
0
0
0
0
0
0
0
0
0
0
0
0
0
0
0
0
0
0
0
0
0
0
0
0
0
0
0
0
0
0
0
0
0
0
0
0
0
0
0
0
0
0
0
0
0
0
0
0
0
0
0
0
0
0
0
0
0
0
0
0
0
0
0
0
0
0
0
0
0
0
0
0
0
0
0
0
0
0
0
0
0
0
0
0
0
0
0
0
0
0
0
0
0
0
0
0
0
0
0
0
0
0
0
0
0
0
0
0
0
0
0
0
0
0
0
0
0
0
0
0
0
0
0
0
0
0
0
0
0
0
0
0
0
0
0
0
0
0
0
0
0
0
0
0
0
0
0
0
0
0
0
0
0
0
0
0
0
0
0
0
0
0
0
0
0
0
0
0
0
0
0
0
0
0
0
0
0
0
0
0
0
0
0
0
0
0
0
0
0
0
0
0
0
0
0
0
0
0
0
0
0
0
0
0
0
0
0
0
0
0
0
0
0
0
0
0
0
0
0
0
0
0
0
0
0
0
0
0
0
0
0
0
0
0
0
0
0
0
0
0
0
0
0
0
0
0
0
0
0
0
0
0
0
0
0
0
0
0
0
0
0
0
0
0
0
0
0
0
0
0
0
0
0
0
0
0
0
0
0
0
0
0
0
0
0
0
0
0
0
0
0
0
0
0
0
0
0
0
0
0
0
0
0
0
0
0
0
0
0
0
0
0
0
0
0
0
0
0
0
0
0
0
0
0
0
0
0
0
0
0
0
0
0
0
0
0
0
0
0
0
0
0
0
0
0
0
0
0
0
0
0
0
0
0
0
0
0
0
0
0
0
0
0
0
0
0
0
0
0
0
0
0
0
0
0
0
0
0
0
0
0
0
0
0
0
0
0
0
0
0
0
0
0
0
0
0
0
0
0
0
0
0
0
0
0
0
0
0
0
0
0
0
0
0
0
0
0
0
0
0
0
0
0
0
0
0
0
0
0
0
0
0
0
0
0
0
0
0
0
0
0
0
0
0
0
0
0
0
0
0
0
0
0
0
0
0
0
0
0
0
0
0
0
0
0
0
0
0
0
0
0
0
0
0
0
0
0
0
0
0
0
0
0
0
0
0
0
0
0
0
0
0
0
0
0
0
0
0
0
0
0
0
0
0
0
0
0
0
0
0
0
0
0
0
0
0
0
0
0
0
0
0
0
0
0
0
0
0
0
0
0
0
0
0
0
0
0
0
0
0
0
0
0
0
0
0
0
0
0
0
0
0
0
0
0
0
0
0
0
0
0
0
0
0
0
0
0
0
0
0
0
0
0
0
0
0
0
0
0
0
0
0
0
0
0
0
0
0
0
0
0
0
0
0
0
0
0
0
0
0
0
0
0
0
0
0
0
0
0
0
0
0
0
0
0
0
0
0
0
0
0
0
0
0
0
0
0
0
0
0
0
0
0
0
0
0
0
0
0
0
0
0
0
0
0
0
0
0
0
0
0
0
0
0
0
0
0
0
0
0
0
0
0
0
0
0
0
0
0
0
0
0
0
0
0
0
0
0
0
0
0
0
0
0
0
0
0
0
0
0
0
0
0
0
0
0
0
0
0
0
0
0
0
0
0
0
0
0
0
0
0
0
0
0
0
0
0
0
0
0
0
0
0
0
0
0
0
0
0
0
0
0
0
0
0
0
0
0
0
0
0
0
0
0
0
0
0
0
0
0
0
0
0
0
0
0
0
0
0
0
0
0
0
0
0
0
0
0
0
0
0
0
0
0
0
0
0
0
0
0
0
0
0
0
0
0
0
0
0
0
0
0
0
0
0
0
0
0
0
0
0
0
0
0
0
0
0
0
0
0
0
0
0
0
0
0
0
0
0
0
0
0
0
0
0
0
0
0
0
0
0
0
0
0
0
0
0
0
0
0
0
0
0
0
0
0
0
0
0
0
0
0
0
0
0
0
0
0
0
0
0
0
0
0
0
0
0
0
0
0
0
0
0
0
0
0
0
0
0
0
0
0
0
0
0
0
0
0
0
0
0
0
0
0
0
0
0
0
0
0
0
0
0
0
0
0
0
0
0
0
0
0
0
0
0
0
0
0
0
0
0
0
0
0
0
0
0
0
0
0
0
0
0
0
0
0
0
0
0
0
0
0
0
0
0
0
0
0
0
0
0
0
0
0
0
0
0
0
0
0
0
0
0
0
0
0
0
0
0
0
0
0
0
0
0
0
0
0
0
0
0
0
0
0
0
0
0
0
0
0
0
0
0
0
0
0
0
0
0
0
0
0
0
0
0
0
0
0
0
0
0
0
0
0
0
0
0
0
0
0
0
0
0
0
0
0
0
0
0
0
0
0
0
0
0
0
0
0
0
0
0
0
0
0
0
0
0
0
0
0
